2 1
24 17
39 22
60 37
60 55
88 76
99 26
109 102
122 26
124 109
130 88
133 109
137 135
139 103
139 18
145 144
152 43
155 90
156 155
158 14
162 88
163 47
168 167
175 41
176 109
180 158
180 159
195 94
201 24
208 7
210 164
211 164
231 197
231 179
232 231
233 128
236 109
239 65
240 172
243 217
253 251
255 118
258 89
259 117
269 8
271 166
277 160
279 32
279 270
279 242
281 8
286 33
289 109
297 201
297 185
300 88
306 103
306 109
306 124
306 126
306 138
306 139
306 153
306 236
306 294
306 302
308 306
310 150
321 269
322 228
329 306
330 91
332 2
334 95
343 311
347 81
350 306
350 308
352 310
364 263
364 154
365 260
370 128
373 6
374 273
378 148
379 132
379 119
381 148
382 191
385 369
388 118
389 359
391 68
392 128
399 133
401 54
406 350
406 134
409 407
413 374
415 204
415 88
417 306
418 269
419 349
423 81
423 315
423 347
426 306
429 196
436 433
441 129
441 193
441 70
441 440
441 344
442 196
442 286
446 118
452 306
452 133
454 118
454 441
456 142
457 51
458 193
459 153
464 403
472 448
472 264
473 194
473 243
479 132
482 218
483 120
484 103
485 62
486 435
487 426
487 112
487 306
488 444
491 190
498 323
498 436
498 437
498 88
502 279
507 40
507 251
507 402
507 219
507 253
507 254
512 172
512 240
514 120
514 478
515 444
518 32
519 416
519 306
520 184
525 423
525 456
525 142
525 347
525 415
527 81
537 145
540 113
541 107
542 306
542 484
543 65
544 456
544 74
544 399
545 422
549 230
549 511
550 93
552 524
553 160
553 277
554 306
554 118
558 73
563 109
563 318
564 189
565 513
565 526
565 244
567 290
570 201
573 505
576 503
576 574
577 230
577 394
578 266
580 59
581 454
581 306
581 118
582 444
582 140
583 75
583 284
586 74
586 94
588 33
588 442
589 121
593 415
596 41
596 175
596 496
598 519
598 521
598 143
598 157
598 547
598 297
598 48
598 316
598 201
598 480
602 378
602 148
603 79
604 69
608 103
608 191
610 234
610 109
610 114
613 341
615 59
618 288
619 65
619 239
620 469
621 249
623 515
623 584
623 444
627 442
629 174
629 534
631 567
638 271
640 395
644 596
646 119
647 541
652 1
652 470
654 1
655 487
656 306
656 350
657 513
657 357
659 77
660 139
661 97
661 344
663 594
665 576
665 332
665 397
666 518
666 279
667 456
668 436
672 376
676 410
685 554
687 480
687 290
687 173
687 565
688 492
690 311
693 334
693 95
696 88
696 277
697 30
698 33
698 442
704 389
704 562
705 429
710 51
711 644
711 496
711 252
711 414
714 48
714 148
718 437
719 302
719 303
719 306
725 440
726 177
728 644
730 398
732 364
733 678
733 45
733 435
733 94
734 408
734 95
736 95
737 88
737 415
738 405
738 30
739 393
739 735
740 141
743 160
743 88
744 580
745 743
747 282
748 274
749 274
751 736
756 256
756 512
756 172
756 240
758 111
760 567
763 707
765 640
766 598
766 316
771 65
774 560
775 180
776 402
777 702
779 778
781 218
782 245
783 638
787 438
790 171
794 429
795 603
796 764
800 797
803 528
805 706
805 275
807 661
808 638
812 507
812 251
813 339
815 88
816 483
816 436
817 156
817 90
817 155
817 220
817 221
818 415
819 364
819 154
820 800
821 222
822 702
823 481
826 490
827 324
830 661
831 741
831 136
833 207
833 178
833 345
834 131
834 683
836 519
838 270
838 242
838 279
841 88
842 161
842 118
842 87
843 505
843 548
844 472
845 316
845 598
845 766
846 374
848 228
849 577
849 394
850 712
854 470
854 344
855 811
857 203
857 470
859 487
859 762
861 95
862 38
863 38
863 429
863 794
864 104
867 657
868 838
869 598
870 577
871 867
871 657
875 310
876 834
876 73
876 558
878 436
879 397
883 227
884 89
885 651
885 878
885 436
885 756
886 622
887 239
887 306
888 614
892 310
893 814
893 783
893 638
894 640
895 35
896 465
897 146
899 297
900 639
903 446
904 132
904 647
905 389
908 772
909 445
910 139
910 239
910 306
910 887
911 33
911 893
913 220
914 875
920 316
923 620
924 808
924 638
928 327
930 380
930 477
932 662
935 451
935 854
947 786
949 523
950 645
951 328
954 677
956 492
958 306
961 799
963 258
963 805
963 43
963 706
963 203
963 375
964 736
964 257
964 734
965 964
965 839
966 415
970 364
970 16
970 466
973 454
973 935
973 306
973 115
973 277
973 630
973 671
979 524
984 543
985 760
988 868
991 307
992 596
993 702
997 182
997 183
998 978
999 346
1000 281
1001 12
1002 740
1002 141
1002 622
1003 363
1003 598
1006 736
1009 306
1011 831
1013 908
1013 181
1013 836
1013 69
1013 334
1013 471
1013 880
1013 506
1013 510
1015 698
1016 4
1016 561
1016 595
1020 180
1020 218
1022 132
1022 379
1022 541
1024 625
1025 373
1026 916
1028 661
1030 859
1031 48
1032 587
1033 687
1034 721
1035 73
1035 915
1037 403
1038 565
1038 933
1039 436
1039 885
1042 901
1042 6
1042 74
1042 624
1044 713
1045 109
1045 306
1045 661
1046 91
1047 1042
1048 462
1049 866
1050 194
1051 33
1051 911
1051 442
1051 893
1053 229
1054 990
1055 899
1062 962
1062 733
1063 577
1063 394
1064 394
1065 864
1065 401
1065 85
1067 936
1067 59
1068 810
1068 1015
1069 239
1072 20
1072 417
1072 306
1072 189
1072 958
1072 342
1072 236
1072 244
1073 316
1076 116
1078 591
1079 210
1080 61
1083 321
1086 669
1087 89
1089 1088
1090 640
1091 982
1093 1090
1093 599
1093 15
1094 258
1094 963
1095 230
1096 1065
1096 397
1100 598
1101 374
1101 509
1102 515
1103 263
1103 72
1103 53
1104 725
1104 597
1105 578
1107 605
1108 390
1112 954
1115 1097
1115 809
1115 203
1116 568
1117 434
1119 870
1120 1110
1122 458
1123 1103
1124 1075
1127 553
1127 745
1131 436
1131 836
1131 838
1131 490
1131 510
1132 311
1134 835
1135 996
1135 1071
1136 73
1137 725
1139 52
1140 476
1141 963
1142 973
1143 1015
1145 748
1147 1090
1147 765
1149 985
1152 897
1154 357
1154 1007
1154 223
1156 65
1157 89
1158 814
1158 302
1158 306
1158 121
1159 729
1159 981
1160 38
1160 401
1160 794
1161 110
1165 145
1165 537
1167 643
1168 1022
1169 524
1169 1040
1169 552
1169 301
1169 689
1169 823
1169 439
1169 188
1169 853
1169 748
1169 111
1169 628
1169 1145
1170 404
1171 649
1171 681
1171 687
1171 510
1172 467
1173 353
1173 202
1174 162
1174 815
1175 987
1176 295
1176 507
1177 877
1177 295
1179 410
1180 505
1180 937
1181 474
1182 472
1183 472
1185 278
1187 895
1188 1187
1189 73
1189 558
1190 37
1192 733
1193 306
1194 368
1195 1058
1195 279
1196 1061
1196 943
1198 1042
1199 881
1199 859
1203 424
1203 461
1203 382
1204 751
1205 319
1207 1102
1208 187
1209 64
1211 254
1213 1084
1213 607
1214 73
1214 1199
1214 337
1216 1067
1217 230
1218 586
1218 1079
1219 994
1219 45
1219 78
1220 239
1221 981
1221 729
1222 925
1223 568
1223 1116
1224 778
1224 779
1224 682
1224 1222
1224 1110
1224 1131
1226 807
1228 186
1229 867
1229 1155
1229 871
1230 1050
1231 653
1232 1083
1234 22
1237 739
1240 706
1240 258
1240 789
1243 1041
1243 1150
1244 493
1245 306
1245 1144
1245 542
1246 857
1250 202
1250 650
1250 1173
1251 505
1252 867
1253 308
1254 657
1254 1229
1255 198
1256 1091
1256 4
1256 595
1256 982
1256 1016
1257 996
1257 1071
1257 688
1257 1206
1258 452
1258 644
1262 110
1262 567
1262 189
1264 248
1265 377
1265 733
1266 255
1267 645
1269 737
1269 1227
1269 753
1269 890
1271 1090
1271 1093
1272 310
1273 1111
1273 1119
1274 239
1277 755
1281 977
1282 905
1282 684
1283 1282
1284 902
1284 1103
1284 757
1285 711
1286 538
1287 59
1287 1164
1288 88
1290 212
1291 1224
1292 689
1293 65
1294 352
1295 1171
1296 35
1297 316
1297 598
1299 598
1300 877
1300 507
1300 251
1301 598
1302 1006
1303 95
1304 505
1304 937
1307 802
1307 804
1307 922
1309 995
1309 490
1309 851
1309 88
1309 61
1312 904
1313 1312
1313 468
1313 1311
1314 514
1314 1269
1315 1301
1316 17
1316 1301
1316 927
1317 796
1317 1040
1317 689
1317 1306
1318 12
1319 186
1320 1050
1322 63
1325 1095
1325 298
1325 327
1327 495
1328 1327
1329 733
1330 1204
1332 436
1333 749
1336 1012
1336 86
1336 695
1337 563
1337 109
1338 1309
1341 868
1342 1050
1343 118
1345 202
1346 306
1346 109
1346 519
1349 1320
1349 39
1351 262
1351 907
1351 604
1352 506
1353 661
1354 400
1354 1183
1355 1171
1358 524
1358 1038
1358 1040
1358 1041
1358 30
1358 34
1358 552
1358 1070
1358 59
1358 68
1358 72
1358 73
1358 1103
1358 90
1358 101
1358 616
1358 111
1358 626
1358 1145
1358 1154
1358 645
1358 1169
1358 154
1358 156
1358 1189
1358 170
1358 684
1358 173
1358 174
1358 687
1358 689
1358 1209
1358 1229
1358 1238
1358 1243
1358 228
1358 744
1358 748
1358 244
1358 757
1358 246
1358 758
1358 1281
1358 1284
1358 1287
1358 1292
1358 1305
1358 796
1358 797
1358 819
1358 823
1358 1339
1358 831
1358 326
1358 333
1358 337
1358 341
1358 346
1358 357
1358 873
1358 364
1358 876
1358 882
1358 919
1358 929
1358 951
1358 970
1358 466
1358 978
1358 985
1358 501
1359 181
1360 904
1360 541
1363 507
1364 40
1366 368
1366 1194
1367 484
1367 306
1367 980
1367 124
1368 702
1369 1094
1370 1224
1370 778
1370 779
1372 42
1372 1362
1373 518
1374 748
1380 1050
1380 1379
1381 798
1382 281
1382 218
1383 806
1384 1358
1385 1015
1386 727
1387 1190
1388 736
1388 964
1388 734
1389 341
1390 856
1392 51
1392 710
1393 1371
1394 88
1394 211
1395 679
1397 861
1399 1396
1401 1153
1401 258
1401 761
1402 1163
1403 1013
1405 1053
1407 1263
1408 370
1409 360
1410 1203
1410 1121
1412 704
1413 776
1413 402
1413 1340
1413 338
1413 219
1413 877
1413 507
1413 251
1413 253
1415 1414
1415 392
1415 370
1415 371
1416 6
1416 74
1416 1008
1416 305
1416 1118
1416 61
1416 30
1417 963
1417 529
1418 78
1421 1420
1421 1396
1422 837
1423 591
1425 1015
1426 480
1426 760
1427 860
1428 1202
1429 1428
1430 632
1431 976
1431 998
1432 1049
1432 1054
1433 1035
1433 931
1434 445
1440 869
1441 648
1441 265
1441 540
1441 1060
1441 50
1441 454
1441 590
1441 720
1441 1128
1441 750
1441 241
1441 371
1443 963
1443 1094
1443 1350
1443 1240
1444 154
1444 1358
1445 681
1446 681
1448 1251
1450 321
1451 194
1452 1336
1452 1015
1454 2
1455 441
1457 1456
1457 1019
1458 982
1460 1185
1463 490
1463 555
1463 276
1464 712
1464 1359
1464 1013
1464 181
1466 1041
1467 52
1468 146
1468 1275
1469 756
1470 1070
1471 1358
1472 512
1472 756
1473 598
1475 614
1475 888
1475 1017
1476 1170
1479 873
1480 1358
1480 1103
1481 1042
1481 1015
1482 1464
1482 955
1483 1282
1483 1412
1483 389
1483 905
1483 1072
1483 306
1483 704
1483 1358
1483 1249
1483 359
1483 754
1484 299
1486 650
1486 1035
1488 792
1489 1004
1491 1320
1492 1358
1493 429
1494 88
1494 436
1495 645
1496 974
1497 549
1498 1469
1499 337
1499 1214
1499 1358
1500 1131
1500 1133
1501 1074
1501 116
1502 1200
1502 1382
1503 979
1505 36
1505 773
1505 330
1505 1072
1505 530
1505 1146
1506 1146
1507 118
1507 989
1507 446
1507 1343
1508 1405
1509 1262
1510 1202
1510 1162
1512 945
1512 342
1513 567
1516 1358
1517 1042
1518 1063
1519 1511
1519 147
1519 1015
1520 83
1521 98
1522 39
1523 548
1524 434
1525 1224
1525 1370
1526 1224
1527 331
1527 88
1527 415
1528 427
1528 1361
1528 565
1528 1398
1529 1417
1529 1266
1529 1178
1529 1115
1530 89
1530 43
1531 248
1532 39
1534 911
1534 1428
1535 1351
1536 1228
1537 441
1538 643
1538 1131
1538 118
1538 1500
1540 525
1541 1005
1542 1413
1542 402
1542 1300
1542 1301
1542 1176
1542 1177
1542 297
1542 1340
1542 1477
1542 338
1542 216
1542 219
1542 990
1542 872
1542 877
1542 251
1543 739
1544 1378
1546 1358
1546 687
1548 790
1550 748
1550 1358
1551 126
1552 1089
1552 36
1553 1409
1553 371
1555 1470
1556 888
1557 650
1558 1014
1558 792
1559 1260
1560 505
1560 18
1566 768
1567 722
1568 154
1568 748
1568 1358
1569 450
1569 1050
1570 696
1570 571
1570 743
1571 1045
1572 306
1572 236
1572 836
1574 1066
1574 519
1575 473
1576 1331
1577 1221
1577 1542
1577 411
1579 559
1579 1182
1580 456
1581 310
1582 44
1583 1120
1583 1127
1583 1224
1583 553
1583 973
1583 366
1583 1013
1583 376
1585 89
1585 1401
1586 687
1587 1224
1588 1047
1590 794
1592 1351
1593 1165
1593 144
1594 31
1597 320
1597 432
1598 640
1598 1090
1598 1093
1598 1147
1599 1358
1599 1199
1600 1059
1602 6
1602 1416
1602 1204
1602 315
1602 95
1603 968
1604 1358
1606 819
1606 364
1607 1099
1607 1221
1607 1542
1608 546
1610 687
1610 244
1610 565
1610 312
1611 1462
1612 764
1613 1356
1614 210
1616 118
1616 56
1616 1402
1616 412
1617 748
1618 429
1618 1425
1618 1015
1618 1143
1619 392
1620 742
1620 359
1620 905
1620 1483
1621 1192
1621 1424
1622 124
1623 384
1623 133
1623 139
1623 660
1623 1560
1623 153
1623 1561
1623 542
1623 556
1623 314
1623 452
1623 581
1623 719
1623 350
1623 608
1623 1251
1623 102
1623 112
1623 126
1624 1505
1624 1196
1624 409
1625 1309
1625 1013
1626 210
1627 59
1627 1308
1627 1229
1628 65
1628 525
1628 142
1628 1042
1628 597
1628 95
1629 5
1630 737
1631 736
1632 16
1632 364
1633 1096
1634 39
1634 82
1634 1461
1635 763
1635 1628
1635 1158
1636 598
1636 24
1638 831
1639 177
1640 36
1640 350
1641 637
1643 348
1644 1013
1644 415
1645 1343
1646 1358
1647 1504
1647 108
1648 1210
1649 94
1650 1360
1650 1113
1650 107
1650 971
1651 1248
1651 306
1652 725
1652 604
1653 1094
1653 43
1654 1567
1655 1121
1655 1410
1655 11
1655 1131
1656 306
1656 1367
1657 1554
1658 88
1659 1629
1660 1224
1660 1291
1661 1013
1662 48
1663 1119
1664 785
1665 962
1665 1615
1666 2
1666 606
1666 48
1666 49
1667 438
1668 355
1668 1527
1669 1481
1669 429
1670 1346
1670 133
1670 303
1670 308
1671 1614
1671 210
1672 186
1674 891
1675 1074
1675 1013
1676 1675
1676 1074
1676 1501
1677 191
1677 88
1677 1309
1677 415
1679 1316
1679 1247
1681 407
1681 948
1681 1012
1681 695
1681 409
1682 407
1682 1012
1682 695
1682 733
1683 1464
1683 181
1685 957
1687 28
1688 1437
1688 1639
1689 155
1689 156
1690 118
1691 700
1692 291
1692 172
1692 1469
1692 1472
1692 1514
1692 240
1692 756
1692 503
1693 1391
1693 434
1694 333
1695 1463
1697 1119
1698 537
1699 484
1700 1441
1701 1665
1701 261
1701 784
1701 664
1701 1052
1701 158
1701 547
1701 1323
1701 1453
1701 563
1701 1334
1701 1337
1701 699
1701 1212
1701 318
1701 1479
1701 201
1701 205
1701 335
1701 343
1701 729
1701 1241
1701 226
1701 1636
1701 869
1701 232
1701 874
1701 235
1701 633
1701 767
1702 463
1702 1234
1702 22
1703 1702
1703 1417
1703 463
1703 22
1703 759
1703 1365
1705 487
1705 1193
1705 1289
1705 306
1705 1624
1706 558
1707 1441
1708 873
1708 1358
1708 467
1709 1358
1710 480
1710 1358
1710 372
1711 1358
1711 1629
1712 1358
1713 88
1713 1696
1713 1358
1714 1169
1714 1154
1715 58
1716 1214
1717 1114
1717 1358
1718 1430
1718 1358
1718 1103
1719 1169
1719 1317
1719 1358
1720 1169
1720 1317
1720 1358
1721 228
1721 105
1721 1358
1721 687
1721 689
1721 1687
1722 1358
1723 1358
1723 565
1724 768
1724 1358
1725 557
1725 687
1725 1358
1725 1427
1726 1483
1726 1358
1727 1358
1729 1358
1729 657
1730 1711
1731 1358
1731 1711
1731 1169
1731 1717
1732 1224
1732 748
1732 1358
1732 88
1732 1566
1733 831
1734 1169
1734 1358
1735 1282
1735 1412
1735 1483
1735 1358
1735 562
1736 155
1737 1358
1737 1169
1737 1209
1738 1709
1738 1358
1738 466
1739 616
1739 1709
1739 1358
1740 268
1740 1358
1740 1072
1740 1627
1740 1725
1741 88
1741 1309
1741 1358
1742 1154
1742 580
1742 174
1742 526
1742 1007
1742 1358
1742 403
1742 1427
1742 533
1743 389
1743 742
1743 969
1743 1483
1743 1358
1744 1358
1745 73
1745 1486
1745 1589
1745 1725
1746 1678
1746 1358
1747 1148
1748 1358
1748 1103
1749 1229
1749 1358
1750 1601
1750 1739
1750 1358
1751 73
1751 1426
1752 154
1753 1339
1753 1358
1754 1358
1754 154
1755 1731
1755 1358
1756 1632
1756 650
1756 364
1756 1358
1756 732
1757 957
1758 580
1758 1358
1758 464
1759 1358
1759 239
1760 1358
1760 1103
1761 1256
1761 1205
1762 1358
1762 758
1762 111
1763 1736
1763 1358
1763 817
1763 155
1764 1358
1765 290
1765 580
1765 1719
1765 1358
1765 1711
1765 1520
1765 1750
1765 823
1765 1720
1765 825
1765 1562
1765 1755
1766 1739
1766 1750
1766 1358
1768 1623
1769 544
1769 109
1769 1623
1769 399
1770 1623
1771 1623
1772 487
1772 109
1772 306
1772 1623
1772 1564
1773 487
1773 1623
1773 638
1774 1623
1775 484
1775 103
1775 306
1775 1623
1776 960
1776 1282
1776 1283
1776 1572
1776 138
1776 337
1776 1623
1776 1499
1777 133
1777 426
1777 1623
1777 1624
1778 1771
1778 1552
1778 1623
1778 1624
1778 1367
1778 350
1779 109
1779 306
1779 1623
1780 1624
1780 139
1780 1773
1780 1623
1781 306
1782 487
1782 426
1782 1772
1782 306
1782 1623
1782 350
1783 1767
1783 1623
1784 133
1784 1072
1784 1623
1785 963
1785 808
1785 109
1785 1624
1785 317
1786 1624
1787 109
1787 306
1787 1624
1788 1015
1789 426
1789 1773
1789 1618
1790 695
1790 103
1792 581
1793 798
1794 1381
1795 1794
1795 798
1796 1794
1796 1795
1797 1072
1797 306
1797 1336
1798 487
1798 1072
1798 1584
1798 1782
1798 958
1799 1072
1799 1465
1799 1701
1800 1072
1800 852
1801 1505
1801 1035
1801 1072
1802 1072
1802 306
1803 659
1804 1546
1804 1072
1804 306
1805 426
1805 109
1805 1072
1805 306
1806 962
1807 962
1807 482
1807 429
1807 180
1808 962
1808 579
1809 962
1810 13
1810 1808
1810 1299
1810 790
1810 795
1810 27
1810 549
1810 1576
1810 1581
1810 1331
1810 568
1810 576
1810 962
1810 1348
1810 1095
1810 719
1810 351
1810 224
1810 481
1810 482
1810 1121
1810 230
1810 1004
1810 511
1812 482
1812 1810
1813 1424
1814 1810
1815 310
1816 829
1817 733
1818 1810
1818 733
1819 1810
1819 1581
1820 1810
1821 598
1821 603
1821 316
1822 1810
1822 1811
1823 1126
1823 1810
1824 1267
1824 1470
1824 1183
1825 1183
1825 1824
1825 472
1826 1408
1826 1409
1826 1824
1826 645
1827 1409
1827 1826
1828 1408
1828 1409
1828 238
1829 1408
1829 1826
1829 940
1829 1070
1830 889
1830 1067
1830 1513
1831 824
1831 889
1832 889
1833 797
1834 800
1834 449
1834 1833
1834 372
1835 898
1836 898
1836 92
1837 997
1837 183
1838 1204
1838 95
1839 979
1839 1204
1840 1013
1841 736
1842 1538
1842 1203
1842 1013
1842 1655
1842 120
1843 415
1844 1013
1845 1013
1846 1701
1847 415
1848 325
1848 1224
1848 1013
1849 1487
1849 1616
1849 1013
1849 56
1849 412
1849 447
1850 32
1850 415
1851 1224
1851 118
1851 1661
1852 1701
1853 1701
1854 1701
1855 1701
1856 1701
1857 304
1857 1701
1858 899
1860 1701
1861 1701
1862 1701
1862 926
1863 532
1863 1701
1864 869
1864 1701
1865 1701
1866 633
1866 1701
1867 1701
1868 316
1868 1701
1868 231
1869 420
1869 1701
1869 199
1869 1097
1869 203
1869 1810
1869 277
1870 598
1870 1701
1871 102
1872 1701
1873 1701
1873 935
1873 1820
1874 1701
1874 722
1874 1106
1874 1567
1875 598
1876 1701
1877 1701
1878 102
1879 1526
1879 490
1879 578
1879 661
1880 753
1880 661
1881 739
1881 661
1882 514
1882 516
1882 1309
1883 661
1884 113
1884 661
1884 854
1884 249
1886 1739
1887 1103
1888 1737
1888 1887
1889 1531
1890 1889
1891 1889
1892 1889
1892 1580
1892 1669
1893 1889
1894 229
1894 1479
1894 1655
1894 536
1894 1049
1894 1149
1894 1215
1895 1566
1896 709
1896 793
1896 541
1897 1896
1898 645
1899 388
1899 645
1900 645
1902 448
1902 1829
1902 1478
1902 1360
1902 793
1903 840
1903 1902
1903 793
1904 1360
1904 1902
1906 1703
1906 210
1907 674
1907 717
1907 566
1908 1474
1908 1677
1908 211
1908 88
1908 1178
1908 415
1909 1131
1909 239
1909 211
1909 1171
1910 1296
1911 1296
1912 1704
1912 1609
1912 1296
1912 435
1912 1174
1912 1338
1913 440
1914 1539
1914 778
1914 779
1914 1675
1914 1676
1914 921
1914 41
1914 175
1914 1079
1914 1849
1914 955
1914 830
1914 1485
1914 1359
1914 1362
1914 596
1914 604
1914 1905
1914 1525
1914 506
1916 1535
1917 1914
1918 1914
1919 1224
1919 779
1919 1370
1919 1914
1920 69
1920 1914
1921 827
1922 1008
1923 1416
1924 1416
1924 942
1925 1416
1925 1042
1926 1920
1926 69
1926 1416
1926 1042
1927 769
1927 738
1927 1923
1927 1924
1927 305
1927 146
1927 1435
1928 1927
1928 1447
1929 1268
1929 1671
1930 1131
1931 1542
1932 402
1933 251
1933 1300
1933 1413
1934 338
1934 1413
1935 1413
1935 1542
1935 877
1935 1177
1936 1413
1936 1542
1936 402
1936 507
1937 548
1938 1937
1939 19
1939 1542
1940 402
1940 507
1940 1300
1940 1542
1941 1300
1941 1334
1942 1542
1943 1542
1944 352
1944 310
1945 875
1945 1944
1945 310
1945 1272
1946 1944
1946 1945
1946 310
1947 1945
1947 310
1948 1819
1949 310
1950 1432
1950 1605
1950 875
1950 336
1950 1944
1950 1334
1950 1272
1950 1947
1950 892
1950 1054
1951 622
1952 1031
1952 1002
1952 622
1952 788
1952 1654
1952 1951
1953 458
1954 1441
1954 1128
1954 1901
1954 590
1955 1954
1956 1226
1956 807
1957 1441
1957 1954
1957 979
1958 1441
1958 739
1958 1237
1958 1881
1958 735
1959 132
1959 904
1960 1360
1961 1022
1962 1276
1963 1022
1964 463
1964 1906
1965 39
1966 1569
1966 1702
1966 1703
1966 362
1966 1964
1966 463
1966 946
1966 1010
1966 1234
1966 443
1966 94
1967 275
1968 1703
1968 1671
1969 1703
1970 1703
1970 271
1971 1966
1971 1702
1972 1402
1972 1351
1973 32
1973 1637
1973 490
1973 779
1973 1482
1973 1683
1973 1333
1973 1525
1973 504
1973 666
1973 252
1974 578
1974 1973
1975 1224
1975 1421
1975 1973
1975 1370
1976 502
1977 1526
1978 514
1978 436
1979 1842
1979 436
1980 1842
1980 436
1981 490
1981 1526
1982 130
1982 436
1983 897
1983 55
1984 651
1984 1266
1984 1178
1985 438
1986 899
1986 519
1986 1812
1986 1558
1986 151
1986 792
1986 160
1986 673
1986 1697
1986 1574
1986 1704
1986 45
1986 1709
1986 179
1986 1859
1986 68
1986 71
1986 201
1986 1095
1986 460
1986 1870
1986 335
1986 1876
1986 215
1986 743
1986 232
1986 1127
1986 366
1986 1149
1986 1023
1987 1295
1988 396
1989 1986
1989 460
1990 1986
1991 1986
1992 1185
1992 1986
1993 849
1993 1986
1994 169
1994 1986
1995 553
1995 1583
1996 1986
1996 327
1996 8
1997 1986
1997 1347
1998 1986
1998 519
1998 1197
1998 109
1998 695
1998 191
1999 827
1999 285
2000 160
2000 314
2000 267
2001 1986
2001 429
2001 503
2001 574
2002 2001
2002 1986
2003 332
2004 1987
2004 316
2005 1986
2006 1986
2006 746
2007 1986
2008 733
2009 160
2009 553
2010 88
2010 118
2011 88
2011 733
2012 88
2012 272
2013 88
2013 471
2014 415
2015 88
2016 973
2016 88
2016 2010
2017 1487
2017 815
2018 76
2018 851
2019 2018
2019 973
2020 55
2021 65
2021 239
2021 1628
2022 323
2023 651
2024 651
2024 1332
2024 885
2024 478
2025 1357
2025 1583
2025 149
2025 1110
2025 2009
2025 1498
2025 572
2026 2025
2026 487
2027 2025
2028 2025
2029 1579
2030 118
2030 903
2031 903
2032 1336
2033 1336
2033 788
2034 1665
2034 1026
2034 1929
2034 14
2034 791
2034 158
2034 417
2034 1319
2034 1448
2034 1968
2034 49
2034 691
2034 841
2034 1614
2034 86
2034 224
2034 1894
2034 617
2034 1270
2034 1654
2034 1273
2034 382
2035 2034
2035 1324
2036 833
2036 2034
2037 2034
2038 2034
2038 293
2039 1889
2039 2034
2040 33
2040 2034
2041 48
2041 2034
2041 788
2041 429
2042 2034
2042 2039
2044 429
2045 133
2045 519
2045 139
2045 153
2045 1830
2045 1448
2045 306
2045 563
2045 308
2045 1337
2045 699
2045 1852
2045 318
2045 1856
2045 341
2045 215
2045 603
2045 1248
2045 2026
2045 236
2045 109
2045 1772
2045 1776
2045 1013
2045 1784
2045 1787
2045 1791
2046 484
2046 236
2046 306
2046 2045
2047 2045
2048 306
2048 2045
2049 80
2049 142
2050 1616
2051 1042
2051 1926
2052 544
2052 74
2052 1926
2053 52
2054 1602
2054 456
2054 525
2054 1042
2054 1628
2055 1588
2056 100
2056 1680
2056 1628
2056 734
2057 525
2058 635
2059 718
2059 1008
2059 146
2059 405
2059 1435
2060 735
2061 735
2062 701
2062 735
2063 327
2063 1996
2063 1325
2063 1326
2064 327
2065 918
2066 2065
2066 1098
2067 2065
2068 1377
2068 861
2070 2069
2070 702
2071 2016
2071 725
2071 1592
2071 1435
2071 1566
2073 1042
2073 901
2074 1602
2075 1020
2076 180
2076 218
2076 2075
2077 486
2077 1704
2077 14
2077 2075
2077 1020
2078 1776
2078 306
2078 236
2079 1802
2079 236
2079 126
2080 487
2080 112
2080 306
2080 1459
2080 1367
2080 1245
2081 1705
2082 18
2083 650
2083 1483
2083 1550
2083 367
2083 1557
2083 1685
2083 505
2083 957
2084 409
2084 306
2084 350
2085 1490
2085 306
2086 1089
2086 306
2086 1505
2087 306
2087 1335
2088 1797
2089 306
2089 350
2090 656
2090 306
2091 306
2092 109
2093 109
2093 831
2094 36
2094 2086
2094 109
2094 530
2094 441
2095 135
2095 109
2096 1856
2096 937
2096 2026
2096 1784
2097 522
2097 975
2098 2097
2099 490
2099 868
2099 1526
2100 1184
2101 702
2102 1309
2103 1309
2104 516
2105 490
2105 517
2106 36
2107 1505
2107 36
2108 1519
2109 1421
2109 1396
2109 1975
2109 604
2109 1085
2110 2109
2110 1085
2111 711
2112 255
2113 704
2113 711
2113 1483
2113 1743
2113 1077
2114 386
2114 1083
2115 386
2116 1218
2116 356
2117 386
2117 770
2117 1508
2117 1894
2117 1867
2117 1846
2118 1894
2119 218
2120 33
2120 442
2121 33
2121 2001
2122 196
2122 332
2122 2066
2122 627
2122 2040
2122 665
2122 91
2123 330
2123 2122
2123 2003
2124 1608
2124 1273
2125 2124
2125 1273
2125 1119
2126 2124
2126 1235
2126 1273
2126 1119
2127 546
2127 2124
2128 1119
2129 2128
2129 1273
2129 1119
2130 1889
2130 1890
2130 1891
2130 1261
2130 430
2130 2127
2130 912
2130 2034
2130 691
2130 983
2131 1463
2132 1482
2132 1683
2132 1463
2133 2131
2133 1463
2134 1351
2135 175
2136 737
2136 1121
2137 1671
2138 944
2138 598
2139 1636
2140 1679
2140 1301
2140 927
2141 24
2141 2139
2141 1636
2142 2141
2143 1787
2144 135
2144 137
2145 2144
2146 1101
2146 374
2146 1242
2146 509
2147 2146
2147 455
2147 658
2148 1242
2148 509
2148 2146
2149 374
2150 1378
2151 1224
2153 1224
2154 1224
2154 1291
2154 1660
2155 1224
2155 74
2155 1131
2155 749
2155 1203
2155 1143
2155 280
2155 539
2155 1535
2156 1224
2156 2024
2156 651
2158 2157
2159 2157
2159 23
2160 1647
2161 1327
2162 738
2162 61
2163 2162
2163 1303
2163 1502
2165 1343
2165 279
2166 1029
2167 957
2168 834
2168 2083
2168 1586
2168 1557
2168 1726
2169 1546
2169 1547
2170 1357
2171 2170
2172 525
2172 52
2172 1628
2173 939
2174 2173
2175 1761
2175 1256
2175 982
2176 1382
2176 1256
2176 595
2176 1016
2176 2175
2177 644
2178 737
2178 2024
2178 76
2178 88
2178 1979
2178 1309
2178 415
2179 440
2180 257
2180 525
2180 81
2181 1388
2181 142
2181 95
2182 2180
2182 525
2182 2072
2182 415
2182 1838
2182 52
2182 2131
2182 2133
2182 858
2182 95
2182 1515
2182 239
2182 1139
2182 2172
2183 2180
2183 95
2184 441
2185 1131
2185 1500
2185 1133
2186 901
2186 1279
2187 1472
2187 1692
2187 172
2188 454
2189 454
2189 1926
2189 1395
2190 2022
2190 454
2191 387
2192 144
2192 213
2194 324
2194 2193
2194 214
2195 1333
2195 2194
2195 663
2196 2181
2196 1631
2197 736
2197 965
2197 2181
2197 1388
2197 734
2197 95
2198 964
2198 2182
2198 751
2198 1042
2199 544
2199 456
2199 680
2199 2186
2199 1580
2199 731
2200 2199
2200 1580
2200 95
2201 552
2201 2199
2201 95
2202 736
2202 2181
2202 751
2203 731
2203 1279
2204 1951
2205 48
2205 788
2205 1952
2206 48
2206 1952
2208 1483
2209 1504
2209 108
2210 104
2211 1065
2212 708
2212 710
2213 421
2215 457
2216 2212
2216 708
2216 421
2216 2214
2216 2215
2216 457
2217 96
2217 2023
2217 231
2218 1411
2219 475
2219 485
2221 1317
2221 2220
2221 823
2222 75
2222 284
2223 284
2224 75
2224 2222
2224 2223
2224 84
2224 284
2225 583
2225 75
2225 2222
2226 2224
2226 84
2226 284
2227 1269
2227 1399
2227 634
2228 2227
2228 1396
2228 1501
2229 601
2229 266
2230 938
2230 482
2230 606
2231 2182
2232 1376
2232 2182
2233 636
2234 1515
2235 676
2235 612
2236 1969
2236 805
2236 151
2237 2236
2238 706
2238 1703
2238 1969
2238 627
2238 151
2238 152
2239 2238
2240 1443
2240 1157
2240 152
2240 1530
2240 2238
2241 1957
2241 1191
2241 1503
2241 500
2241 2207
2242 2241
2243 1107
2244 2243
2245 2243
2246 1595
2246 2243
2247 2246
2247 972
2247 1325
2247 281
2247 1086
2248 996
2248 1255
2248 1257
2248 1545
2248 428
2248 1135
2248 1138
2248 1366
2248 348
2249 1257
2249 368
2249 2130
2250 283
2251 121
2251 1158
2252 121
2252 2251
2252 1158
2253 1697
2254 1146
2255 225
2256 1878
2257 1728
2258 1290
2259 1419
2259 1436
2260 1417
2261 1474
2262 1143
2262 1015
2263 1015
2264 1104
2265 984
2267 2266
2267 1395
2268 1160
2268 309
2268 733
2268 383
2269 1415
2269 392
2269 1903
2269 1619
2269 20
2270 128
2270 1354
2270 20
2270 2269
2271 1441
2272 1441
2273 1441
2274 1441
2274 1370
2274 1527
2275 1128
2275 1441
2275 1954
2276 868
2277 734
2278 1359
2279 565
2280 838
2280 270
2281 1131
2282 1351
2282 1131
2282 2164
2282 1655
2283 1382
2283 575
2285 2284
2286 1549
2287 610
2287 826
2288 610
2289 584
2289 444
2289 623
2291 481
2291 715
2291 1682
2291 377
2291 2268
2291 733
2292 2231
2293 2155
2294 2155
2294 1141
2295 1655
2295 1110
2296 313
2298 2297
2299 1795
2300 1196
2301 733
2302 733
2303 733
2304 733
2304 465
2305 453
2305 1818
2305 1278
2306 453
2306 1278
2307 482
2307 1067
2307 1742
2308 531
2309 994
2309 1869
2309 210
2309 1043
2309 1268
2309 1021
2310 1920
2310 21
2312 61
2313 873
2314 1708
2315 1344
2316 1343
2317 1928
2317 25
2317 1403
2318 1779
2319 1681
2319 1682
2319 695
2320 1681
2321 1682
2322 1705
2323 344
2323 1444
2324 1776
2324 1282
2324 1283
2324 1735
2325 508
2326 1782
2326 1998
2326 878
2327 699
2327 1778
2328 2327
2329 2144
2329 137
2329 397
2330 2329
2330 2203
2331 2144
2331 2329
2332 1481
2332 1125
2332 1669
2333 1042
2333 1047
2334 1725
2334 174
2335 1474
2335 1385
2335 1519
2335 2001
2335 627
2335 151
2336 2335
2337 2259
2339 843
2340 2339
2340 1558
2341 780
2342 1259
2343 30
2344 2343
2345 1692
2346 1469
2347 544
2348 576
2348 2001
2348 1692
2349 1460
2349 1692
2350 1417
2350 1529
2351 577
2351 1064
2351 1129
2351 394
2351 906
2351 849
2352 1064
2352 577
2352 1129
2353 577
2353 1129
2354 577
2355 94
2356 675
2356 2211
2356 934
2357 39
2357 2355
2357 2356
2357 1846
2357 94
2358 1185
2358 2349
2358 1469
2359 480
2359 290
2359 687
2359 1171
2359 797
2360 27
2360 606
2361 606
2362 442
2363 1555
2363 125
2364 2051
2364 2266
2365 998
2365 391
2365 616
2365 970
2365 1709
2365 1565
2366 1738
2366 686
2366 46
2367 2177
2367 1090
2367 1093
2367 15
2367 1271
2367 1147
2367 765
2367 894
2368 2367
2369 2367
2370 2368
2371 2177
2371 1147
2371 2367
2372 480
2372 687
2373 267
2374 20
2375 1404
2375 20
2375 2270
2376 1061
2376 813
2376 1202
2376 1428
2376 1143
2377 372
2378 1018
2379 2001
2380 2001
2380 2123
2380 91
2381 2001
2381 1666
2382 1158
2382 814
2383 1635
2383 808
2383 299
2383 1484
2383 2382
2384 1655
2385 2304
2385 995
2385 2152
2385 2103
2385 1338
2385 191
2386 1082
2386 299
2386 885
2387 1510
2387 638
2387 299
2387 1406
2388 1377
2388 551
2388 175
2388 1914
2389 1740
2390 489
2390 1041
2391 2390
2392 1740
2392 535
2393 1634
2394 1027
2394 504
2394 600
2394 1421
2394 724
2394 1396
2394 1174
2394 471
2394 88
2394 2228
2394 1399
2395 1501
2396 2394
2397 2394
2399 2240
2399 1443
2399 43
2400 963
2401 375
2402 781
2403 2402
2404 1912
2405 1842
2405 120
2405 1979
2405 1980
2406 523
2406 2043
2407 643
2408 434
2408 1693
2409 1057
2409 716
2411 2410
2412 1997
2414 1200
2414 2413
2416 1152
2417 2416
2418 65
2418 2021
2418 1293
2418 239
2418 57
2418 572
2419 1848
2419 65
2419 497
2420 640
2421 757
2422 847
2423 304
2423 2151
2423 518
2423 279
2424 195
2424 1839
2425 2099
2426 2425
2427 349
2428 2427
2429 250
2430 201
2432 2431
2433 1233
2434 2399
2435 375
2436 1507
2436 989
2437 168
2437 167
2438 2437
2440 867
2440 1229
2441 1229
2441 1599
2442 867
2442 1229
2443 1742
2444 16
2444 464
2445 580
2445 1742
2446 1216
2446 1427
2446 1749
2447 609
2448 1067
2448 2446
2448 1041
2449 1523
2450 704
2450 2113
2450 1284
2450 389
2450 1412
2450 1743
2450 562
2450 1620
2451 1801
2451 268
2451 367
2451 752
2451 2389
2451 2390
2451 2392
2451 1757
2452 2451
2453 354
2454 99
2454 122
2455 26
2455 99
2456 672
2457 499
2458 2457
2460 760
2461 106
2462 1442
2463 89
2463 340
2463 1157
2464 515
2464 828
2464 1102
2464 623
2464 2289
2464 2290
2464 1530
2464 444
2465 2464
2465 515
2465 1102
2466 2279
2466 425
2466 1007
2467 2017
2468 2467
2469 365
2470 614
2472 192
2472 642
2472 456
2472 591
2472 667
2473 217
2474 217
2475 1928
2476 105
2476 524
2476 1169
2476 564
2476 1596
2477 2006
2478 124
2479 1236
2480 331
2480 1359
2481 610
2482 1056
2483 385
2484 369
2485 1792
2485 1592
2485 1370
2485 1851
2485 252
2486 2147
2487 85
2488 85
2489 1608
2490 94
2491 1360
2492 1765
2492 111
2492 1169
2492 758
2493 2471
2493 2398
2494 417
2495 833
2495 1130
2495 1641
2496 2290
2497 1578
2497 388
2497 703
2498 1484
2498 271
2499 1117
2500 722
2500 1874
2501 1092
2501 1321
2501 722
2501 1106
2502 858
2503 1216
2503 2444
2503 2445
2503 1038
2503 403
2504 2144
2504 137
2505 406
2506 114
2507 1250
2507 2221
2508 1300
2509 2114
2509 1987
2509 2247
2510 1899
2511 2203
2512 569
2513 1684
2514 1154
2515 936
2515 246
2516 801
2516 694
2517 941
2518 996
2518 1257
2518 2249
2518 1135
2518 381
2519 2114
2519 2115
2520 1484
2520 1428
2521 2204
2523 867
2524 2336
2524 1202
2524 1428
2525 154
2525 2220
2526 560
2526 585
2527 540
2528 1226
2529 959
2530 2515
2531 1026
2532 460
2533 1201
2534 1159
2534 729
2534 605
2535 1186
2536 1307
2537 259
2538 1257
2539 237
2540 2539
2541 1591
2542 843
2543 269
2543 2247
2544 3
2545 10
2546 952
2546 466
2546 628
2546 5
2547 488
2548 582
2549 582
2550 1812
2551 269
2552 2306
2553 1911
2553 728
2553 1470
2554 1136
2555 2338
2556 1249
2556 1610
2557 1610
2558 626
2558 1610
2559 2308
2560 1717
2561 2560
2562 292
2562 1036
2563 1081
2563 1050
2564 1050
2566 953
2566 2565
2567 953
2568 1023
2569 930
2569 477
2570 1386
2570 727
2571 1386
2572 2570
2573 2570
2573 1877
2574 1186
2575 1008
2576 1680
2576 2311
2577 1235
2578 27
2579 1225
2579 1086
2580 972
2581 83
2582 0
2582 1862
2582 1166
2583 247
2584 876
2585 558
2586 1375
2587 1046
2588 2114
2589 1185
2590 1185
2591 1552
2592 793
2593 1741
2594 218
2595 833
2596 1751
2597 1734
2597 1358
2597 2415
2597 915
2597 1725
2598 329
2599 1728
2599 2555
2600 832
2603 2602
2604 123
2604 99
2604 127
2605 1348
2606 670
2607 1003
2608 1674
2609 2601
2610 1049
2611 1239
2612 1280
2612 1516
2613 1095
2614 9
2614 494
2614 723
2614 1599
2615 332
2616 64
2617 166
2619 2618
2620 1925
2621 1959
2622 145
2623 946
2624 44
2626 2625
2627 929
2628 67
2629 692
2630 1957
2631 66
2632 2539
2633 1563
2635 2634
2637 2120
2638 447
2639 917
2640 1519
2641 936
2642 16
2642 1756
2642 364
2642 358
2643 111
2644 1885
2645 706
2645 258
2645 29
2646 194
2647 243
2647 1686
2648 2473
2649 1915
2650 960
2651 105
2651 2476
2652 2439
2653 865
2655 2654
2656 2522
2657 1642
2658 1642
2659 967
2660 1673
2661 12
2662 1001
2662 12
2663 1432
2664 1438
2666 2665
2667 486
2667 45
2667 2075
2668 486
2668 2667
2668 45
2669 592
2670 1194
2671 2249
2671 428
2671 1135
2671 1071
2671 1109
2671 726
2671 1206
2671 1688
2671 1533
2672 2671
2673 2671
2674 1109
2674 2671
2675 2674
2675 1109
2676 200
2676 1439
2677 1257
2677 956
2678 1257
2678 492
2679 1257
2679 2670
2679 177
2680 2594
2681 1449
2681 361
2681 1390
2681 209
2682 177
2683 2681
2684 1320
2685 296
2685 732
2686 1554
2688 2687
2689 2554
2689 2459
2690 611
2691 206
2691 71
2692 1310
2693 2636
2694 431
2695 431
2696 2615
2697 986
2698 1400
2698 1573
2699 2630
2700 1151
2701 44
2702 186
2703 1298
2704 641
2705 287
2706 169
2706 1473
2707 1473
2707 2706
2707 165
