1369 450
2068 1319
2576 594
1277 1122
2655 2520
1903 25
1139 797
2674 679
988 42
1917 650
802 513
952 717
1440 262
1814 143
1699 1613
1853 784
1632 1441
1252 42
2291 1194
1234 606
1761 250
2465 1878
2356 633
2633 2249
1117 674
2315 1163
661 625
973 174
2136 989
2254 670
1970 1665
1436 817
1538 853
2597 520
2346 921
2117 185
425 102
2211 1756
2196 1756
1278 718
962 892
2524 116
2161 969
1189 1034
1369 240
2611 2469
798 217
1908 663
1992 1743
1054 181
1513 895
1956 551
2129 543
2699 2596
1381 967
1685 1419
2348 1033
1886 490
1774 131
1758 1438
2326 2198
2696 1105
2633 1740
589 292
1432 675
2655 378
596 540
1140 521
1459 670
651 426
1823 282
2399 439
1902 928
1307 546
662 22
1287 238
1566 1430
2630 448
2475 57
554 273
1147 785
1171 344
1870 518
1274 1109
2214 1
233 182
1507 1292
1526 301
2085 584
1437 392
1386 749
2500 166
1185 101
555 187
562 17
2396 1928
1814 294
2383 1942
755 156
2408 1017
1052 142
1874 185
1756 594
1120 991
2069 483
2046 1767
2028 365
1640 1551
1950 1679
1542 956
2457 1215
1890 1504
1362 525
1220 738
143 117
2617 1736
2165 389
1261 321
1715 174
1627 1608
2509 2058
2422 718
2181 2138
2687 625
1095 475
2254 2101
2009 901
718 20
2165 444
1388 200
1714 1210
2304 1039
1759 1599
2602 1727
2205 2150
2035 1089
1613 809
1550 1174
1787 520
2619 816
2533 1521
1621 300
617 27
937 678
1616 166
2622 515
2345 2032
2490 190
496 285
1715 1169
1789 1512
2037 318
2557 532
2500 438
1527 1072
2024 1002
2139 2106
1086 821
1746 1100
1496 749
1628 1043
2291 1304
1612 1179
1589 1525
2261 1619
2609 323
1678 1241
2668 2211
2657 1659
2456 1552
335 185
633 376
1087 833
1860 976
1440 402
2132 1615
2512 1456
614 76
1154 45
1632 1486
1221 234
2495 2352
2453 2299
1426 476
1909 291
400 129
1532 99
2685 2475
2052 10
2171 764
933 618
2102 1287
2625 165
981 550
2516 2369
2687 2641
1544 1503
1915 951
1380 402
2477 2340
2593 1021
2604 957
2437 735
1869 321
2452 1372
1097 26
1967 476
2452 732
682 649
2588 1183
806 798
2105 544
2060 658
2240 30
1907 1536
2398 454
2492 291
2424 1904
2657 2247
2569 177
1644 1395
2224 289
2309 63
2638 1112
2201 1213
644 69
2685 1870
2654 397
2465 1924
732 276
2292 1550
2208 1206
881 554
1941 1004
1936 1369
2472 1228
378 160
2177 1024
2281 2243
1867 1777
1028 157
2093 1998
2193 858
310 284
2089 1161
2620 2453
1567 810
1937 1187
1882 216
1124 750
1206 395
1458 204
2637 812
2463 387
2525 407
2277 2108
2401 1039
1151 1084
2616 2072
2208 2180
1059 1010
897 358
2581 2566
1708 807
2590 2383
2039 519
2460 1608
1742 462
2017 1847
1596 476
1042 858
1012 447
1632 732
2357 163
2360 1533
2115 822
945 298
2667 2096
1360 276
1785 1661
1661 435
2044 465
2424 740
1208 566
1423 369
2377 1168
2228 1737
1986 976
765 395
2130 1364
1905 697
1981 1270
2243 1505
2706 1792
2621 1397
2088 1242
2175 791
2297 816
2683 1808
1465 395
2089 1159
2252 2003
1008 795
1843 1095
1380 657
2526 682
1800 1632
2519 103
944 398
2266 329
2341 428
1736 1021
1803 1567
2016 1519
2266 2082
900 626
2610 835
2376 1549
2700 1892
2447 604
2480 1706
2236 2212
2646 1568
2097 926
2058 1911
2382 137
838 790
1311 953
2348 1176
519 331
2670 2379
1728 782
2322 1569
1575 1028
1551 218
2202 502
835 562
2678 207
1858 876
2447 749
1354 190
1660 318
1246 454
1101 467
1132 940
1420 330
2379 1657
141 58
2670 1256
555 47
2451 839
1907 565
914 828
2498 658
2521 1652
2253 241
1557 296
701 506
2290 743
1542 1222
2685 1941
2345 398
1832 416
2295 156
2460 1779
266 7
1309 55
1623 1344
2148 1778
2614 1669
2683 1320
2658 2322
2172 1661
2378 485
2349 543
2084 364
2258 1404
2185 1564
276 59
1890 1787
1823 142
2340 174
2466 1847
1656 1458
2694 2015
2577 2342
1183 568
1025 500
904 13
2673 359
2508 2147
882 833
1354 315
2439 2404
1533 762
2056 25
2447 1784
2634 1685
2139 869
1243 855
2180 1166
2517 2277
1935 322
1624 295
2072 605
1145 110
1180 115
811 42
2116 1968
1557 379
1722 1713
1473 712
2313 1980
2413 510
1170 626
2551 1529
593 87
2247 1077
2051 636
1284 338
2407 582
704 270
1337 1185
938 375
2447 1403
1652 1355
1617 642
2141 1217
1712 556
1494 918
1294 314
2461 607
2366 1637
1977 1559
1367 258
1840 651
1644 1502
2092 837
1503 454
2681 135
1725 546
1106 988
1167 985
1837 1794
1824 687
2057 1965
2102 1000
2603 99
381 306
1586 547
2284 1400
1126 219
1211 968
2025 1531
1609 1101
1683 1279
1003 674
1703 1280
321 129
2324 2286
810 743
2417 1683
826 5
1289 801
1733 829
2456 2174
2560 925
1879 881
2326 235
1440 1168
2528 2129
1327 635
2339 2221
1888 1525
1937 659
1723 1018
2473 2358
1473 711
1002 418
2554 1848
730 288
2478 1943
2422 1492
1239 137
1092 460
2566 902
1492 957
1265 675
2204 1896
2373 214
2534 57
2570 2135
2378 1632
1931 1567
2617 1262
2668 2379
1664 707
1281 1195
277 9
454 227
2246 591
2552 600
2168 666
2466 1120
801 339
2581 439
1666 935
1714 1125
2080 532
641 512
1433 302
512 423
1970 304
2221 934
2008 966
2362 11
301 4
2098 311
1386 1350
2129 1219
2000 122
2582 1232
2679 230
2455 582
872 591
1213 990
2612 2553
2011 354
2536 231
2609 1440
1606 860
1727 1527
2395 714
1671 1259
2191 1711
2015 1514
2404 2222
1992 1575
787 316
2122 188
1529 19
2164 108
1264 483
2691 553
1636 2
527 432
1837 175
2253 1171
1551 962
2525 1049
1572 428
240 161
210 201
1533 895
1468 863
1316 47
2208 54
2248 1116
1670 993
1839 53
2292 1675
1316 199
2263 1507
2261 616
947 729
1973 1626
269 183
1886 1507
683 660
2254 1816
2590 963
1612 1554
2383 1487
2665 996
1435 963
1685 480
1887 1285
1309 225
1331 1028
687 503
2550 673
2376 263
2209 1831
835 503
1506 920
1928 178
2538 2073
2037 90
2093 744
1200 1077
2080 472
2706 1353
2581 518
1498 377
1522 1375
1878 1197
2540 538
2514 744
2660 2482
1118 287
1646 604
885 767
2519 206
2003 12
1364 344
1045 791
1636 662
2602 2539
1024 742
1886 398
824 346
1314 1179
2573 950
2285 1523
2472 1954
2470 1902
1268 443
2433 792
1643 1048
1263 189
2043 557
2590 238
1944 423
1944 818
1190 676
1273 629
1792 237
2229 1605
2113 536
1737 1575
2127 1763
2594 1409
2359 705
1401 104
2301 446
371 344
2523 682
1431 804
2500 2282
1472 672
1905 562
2463 1126
2386 611
1219 121
1887 1689
2631 242
1220 264
1779 183
1277 491
1763 1625
2153 767
2499 553
1969 484
2405 1517
1453 1026
1416 47
1542 1030
715 551
1858 1162
2627 1739
883 388
984 451
1971 331
1611 426
2230 7
741 75
1261 506
1129 1107
1289 431
2058 829
1152 1100
1810 431
624 569
2494 1339
2677 360
986 439
1671 1398
1890 1387
1714 31
1734 200
1426 1099
2415 1725
2325 2028
1438 614
2003 1014
1804 343
1302 403
1439 108
2591 682
2585 984
1175 983
2396 2101
1600 552
1592 1068
2538 540
1778 1326
1680 506
919 283
1998 705
2389 1082
590 187
1508 1237
1978 230
2098 395
1338 241
1614 901
2065 382
956 96
2058 1991
1887 9
2543 2260
2012 1380
1375 981
2282 2146
2516 138
1576 880
2531 238
2667 1260
2442 1348
531 467
1354 1235
2080 1669
2468 1885
1476 950
1444 296
2536 1337
1799 1181
933 288
2043 1545
2509 1643
880 648
2560 855
2104 142
1236 344
1713 1017
2374 1138
2523 940
1465 637
2091 76
2447 42
951 904
2134 1745
2435 1367
1324 1217
677 465
1206 102
2353 800
1010 720
1332 524
1590 345
1975 1917
1835 962
2360 2104
2135 1570
1707 1236
2113 1294
1653 153
1844 18
2549 138
1805 981
1969 1434
860 317
2698 1449
2319 904
1084 353
2628 1096
1190 1170
2670 935
2337 2108
2309 1925
1685 1265
1958 1677
708 272
2033 780
2587 1976
2245 1336
443 303
2497 892
1148 731
2674 2447
2504 2498
1814 1566
1710 1070
843 777
2056 162
1664 564
1955 86
1984 620
2466 130
1174 913
1072 962
2396 1416
749 503
2362 1657
2598 467
2625 1411
2347 1579
1568 639
727 12
2514 984
1775 314
1630 56
1511 1102
1965 1401
1901 1747
2390 162
1306 335
2415 1586
1946 150
1823 1566
2447 1419
1958 1648
2463 121
2550 716
1452 1047
784 57
2016 82
2070 671
1193 166
2081 1607
1206 241
1428 678
712 143
2332 1769
722 132
1177 891
395 231
1036 928
2610 1903
1842 1321
2215 1073
2470 748
2374 64
2667 51
2426 1053
2447 2077
2550 2128
2032 943
2301 1601
2470 2315
2183 1168
790 277
1945 1267
1883 1414
2145 1782
1599 1260
2370 1512
1714 345
2131 373
998 461
935 157
1826 1778
2439 945
2175 1357
1175 905
2302 1716
2587 2412
1757 1437
308 101
984 301
2059 2040
2680 2360
2095 1819
441 133
1504 380
2522 1943
2455 2259
641 640
1055 150
1836 83
2383 1307
2610 354
1745 729
1836 1656
2138 1965
561 124
1973 1474
2485 2285
1278 1231
328 158
1472 277
494 230
1216 501
1071 946
507 77
1835 610
1762 1072
176 76
559 18
2659 1454
1506 816
2563 616
1734 825
2143 872
1096 477
2437 1923
2660 1725
2648 2041
1708 938
2276 464
1729 1682
2597 904
1153 593
252 43
2490 1646
2247 1185
1884 11
2215 570
593 534
1745 1320
2466 787
710 226
2352 1773
805 282
1337 714
1697 1426
1288 622
2208 186
2087 351
2683 304
2221 1135
497 386
2467 1824
2385 237
2410 972
1713 978
1307 252
2632 906
1771 761
2675 1390
1794 1375
1477 494
813 388
1945 1179
1707 1090
1677 894
2215 519
1286 311
907 896
2094 1006
1970 129
1895 1571
1485 581
1376 916
2565 1174
2462 487
770 586
1862 171
2204 1432
1299 632
1740 700
1511 1130
614 32
2582 732
2205 1731
1252 272
2112 1888
557 422
2537 2362
2575 1003
2615 2017
1308 296
1281 580
1894 4
2553 2254
2468 597
1820 1014
1625 1025
2545 443
596 66
859 314
1605 230
2177 1824
2557 2073
975 377
1814 1039
2054 251
2540 115
1173 72
1215 453
1525 870
534 68
2477 943
649 643
1300 731
2390 1342
2402 1928
1796 1719
1957 745
1977 1821
2129 1116
2571 2550
2136 44
2082 1425
1113 451
1055 762
2372 571
1268 917
944 706
2281 451
2483 1387
207 68
2292 1564
1104 451
2045 613
481 9
2138 206
1804 158
2168 960
1875 364
1308 586
2330 100
2094 1064
2541 2294
518 384
655 170
2673 1349
1797 1209
2197 1991
1986 1695
1439 720
1196 1021
1612 884
1561 1534
1610 744
1730 1094
535 210
2639 876
2019 1440
712 546
1120 1024
996 775
2555 689
1685 735
1671 707
2285 1455
2078 668
1091 340
1563 1007
1957 107
2452 2006
1026 940
2087 1664
1604 1228
1406 960
1267 9
2370 1601
1081 375
2109 1020
1362 899
1797 1576
1334 850
637 255
1721 1403
2404 263
1281 391
2693 2569
2681 1313
729 437
2312 1744
1041 690
147 58
1327 76
2505 1539
1374 510
1758 824
2447 938
2662 623
2278 506
1016 67
2621 106
2375 692
2194 1952
286 102
362 72
1159 295
1893 760
2375 297
797 740
2342 2264
2279 1326
2643 103
2413 1067
2700 2205
2048 72
1105 193
2539 488
2102 1433
2556 2011
1470 20
1693 126
2618 985
644 185
1377 1051
2284 186
1032 954
2359 551
1146 1069
1134 566
1772 1099
750 160
1212 979
1732 152
908 76
1180 407
413 155
2102 1048
351 212
2641 1691
1510 428
2407 1460
2299 1159
751 409
2028 972
1497 611
1949 281
1341 1201
1070 690
581 396
2268 68
1519 103
2531 2158
2475 724
882 383
1643 1043
1732 78
2589 1103
1112 420
2401 5
1069 856
2131 1702
1086 247
2162 1656
2230 1807
1540 1095
2521 2504
331 89
1930 120
1377 271
2636 1057
2600 1875
2320 415
1748 1340
2440 63
2458 1335
349 215
1679 1616
2589 1318
1670 900
1671 911
848 724
1435 937
2383 1333
1342 1284
1778 977
2062 996
1750 1092
1791 434
2555 1849
1122 308
2279 616
612 125
1000 480
2023 1070
2056 1121
2137 100
2115 1217
2292 1536
929 715
2319 237
1147 717
1475 1375
1424 1361
2596 1053
2122 916
2462 323
2652 1514
2603 875
2441 852
2268 1680
1445 997
1576 282
2053 789
1115 731
758 171
1343 204
2472 1748
1712 416
806 90
2083 855
2587 1686
2468 1569
1171 64
1599 829
1694 486
1433 631
1674 1100
1457 329
2073 698
1411 844
1740 339
2706 1259
2544 26
2388 238
2535 1069
2425 305
1996 1048
569 565
815 801
451 282
1632 211
1283 408
2286 2168
2178 1590
2671 1704
1694 764
2298 642
2022 726
2691 1807
1750 111
2068 1251
1979 1179
485 430
2443 217
1707 1471
1905 1351
1121 942
1482 1225
1052 302
2517 2405
1912 895
2392 587
2363 1049
2482 1655
2690 510
1333 1055
1696 750
1641 471
833 542
2610 1616
1997 306
2462 519
2245 1915
1402 92
1869 1476
2314 2165
1485 1085
1516 1016
2371 2118
1866 870
1487 1043
2317 1668
2507 1344
2386 1646
2441 2067
1321 34
1232 637
2288 1193
2657 1334
2477 495
1002 91
2512 32
1944 77
1225 323
2407 1809
2026 1078
1188 338
2307 1926
1100 955
380 126
2655 2081
1018 636
1800 832
2194 1162
2704 1604
1834 1676
425 355
1674 515
1636 1302
1835 1065
1181 686
2695 1350
2483 49
2653 848
1937 553
1018 593
2447 841
605 73
996 650
2277 1641
1942 524
1472 402
1073 737
2051 681
1170 798
2691 1684
1307 220
2639 1487
1179 40
2696 1969
2143 1411
2568 1211
1611 497
1605 83
2500 336
869 241
1675 184
2436 657
2463 1527
1943 1860
2393 1117
1980 634
2023 265
1900 1682
1449 111
2358 1694
2528 166
2543 1358
591 399
2202 1964
599 533
1990 1417
1443 560
1615 811
1687 129
2512 1088
1853 1091
753 167
1455 677
2595 2425
2537 1707
2020 1855
803 289
1518 1284
2092 1530
2674 428
2270 948
743 411
1943 231
1230 43
2567 594
1108 587
2186 976
2198 395
2257 423
2309 476
2423 858
2283 1414
1574 164
663 511
1338 303
2305 1525
1271 396
2607 1968
1537 746
2307 488
544 166
2622 29
2244 1347
2573 574
2163 1394
2612 1909
2704 564
2199 602
1081 545
1041 358
2390 1838
1583 1162
664 245
2257 498
1972 447
1852 85
1132 555
492 360
1562 437
2300 1983
1595 183
1159 631
1822 1418
1692 62
2451 468
2323 2032
499 201
2171 1854
1593 615
2705 1439
1308 86
2168 637
747 433
2384 1197
1526 488
522 515
2261 947
1540 1199
1513 1285
999 512
2088 365
2376 1241
1425 560
1980 491
1779 453
174 87
2576 2470
2698 531
1698 1635
2258 1903
2321 1630
2478 2318
1548 1177
245 28
1525 655
1915 823
2392 491
937 165
2058 1631
2013 291
2610 2334
1888 104
2503 907
1291 1209
1415 1150
2419 2215
1229 670
1010 297
2697 1900
2083 496
1673 299
1191 1183
2382 1888
1934 1228
2570 98
2590 1696
2623 1763
2659 413
2593 2520
2530 2132
2620 1753
1968 1764
1764 1132
2454 793
2225 495
938 788
2622 408
2411 2255
1997 1898
681 513
2558 223
2678 966
2188 1972
496 369
2179 339
1650 1430
2667 1753
1214 459
2180 1429
1419 549
2079 1857
2018 1396
2080 1860
1532 1126
1880 1547
2341 1514
520 353
2093 1501
2617 2209
847 839
1250 309
2626 836
1981 644
256 221
1685 1606
1215 464
2025 1445
2643 2536
2133 1582
1161 827
1346 944
1520 731
2390 1644
2457 1319
1830 580
610 16
1017 204
1763 216
2453 2255
1165 860
1853 1181
2190 2122
646 175
924 580
2575 1375
2120 1119
2104 1132
2531 2339
1781 899
1879 1332
1848 1345
1060 218
2505 518
1577 176
2288 1192
2165 137
698 340
2616 187
1238 859
1369 312
1862 1034
2282 2089
2329 98
1872 1648
2673 2060
981 529
1827 439
2536 421
1996 1017
1583 785
2549 337
1663 1424
2264 304
938 770
2561 2559
466 147
2564 2508
2557 2353
890 40
1145 681
2293 1028
1576 1510
2610 568
2536 1356
1521 365
2140 2133
671 297
862 532
2650 377
2636 1195
1413 889
2490 2114
441 40
2272 1736
306 95
1036 374
734 444
2105 1554
2273 1200
2527 326
2645 731
1444 1051
1888 1740
2571 1726
842 351
1417 1046
1953 571
2511 1508
1824 1171
1115 860
1752 1021
2331 1609
1414 1281
2275 771
1494 1454
1030 201
1476 1452
622 222
163 125
1259 1098
1388 528
1674 1140
2591 509
2245 2045
2555 1992
2215 1190
1491 1097
1430 541
2086 1725
2245 1738
1930 149
2072 1445
1208 272
1078 905
2440 685
2100 620
1758 576
2196 427
1239 1203
1024 749
2452 409
1903 1713
975 0
2643 1205
2446 96
2116 800
2151 1369
2263 1277
588 115
1565 810
1335 126
2229 826
2572 536
1563 708
1121 1034
1877 1417
1596 1166
2218 2177
2676 1329
2114 580
2559 1652
1828 1494
146 45
902 47
2063 859
1382 203
228 188
2208 2016
1941 793
1821 1139
2498 2457
2070 310
1746 1437
2068 27
2132 1373
2539 2367
2230 795
1877 690
1567 1377
1977 1481
1288 1124
1695 1348
1222 449
2149 795
692 350
1967 1939
1778 83
2235 1097
1355 783
1850 1262
2260 1819
753 188
2533 2267
2346 162
1055 820
2436 1693
2000 1682
2165 685
2468 1124
782 324
1440 403
1262 596
2468 2277
2167 119
1287 134
967 136
1460 1027
1033 503
2322 112
1431 1145
2339 969
2211 879
1099 577
1736 11
1983 1871
2428 1769
698 622
561 48
2664 58
2425 1864
1811 90
2576 94
2376 1703
1372 242
2077 1706
2671 2179
83 47
2047 1977
2400 773
945 466
1902 274
2272 1088
962 489
1710 201
1408 1381
2229 2041
1568 1556
2139 970
1947 903
1928 882
2322 350
2466 1256
2683 1781
1428 1074
2335 1645
1525 1338
1244 993
2074 723
1512 1069
2325 416
2014 97
1231 695
2361 325
2170 2000
2219 1434
1290 449
1074 574
2432 1601
1807 849
1183 1067
846 845
1731 1411
2408 2171
2173 980
2675 251
1267 509
1732 1122
1450 904
1727 49
2521 2064
1395 361
1522 1020
1863 1563
905 424
2110 1462
1994 998
955 288
2099 1194
2669 52
1992 704
2483 1967
2225 982
2681 1997
1625 46
1011 901
2156 2144
731 482
1353 1090
1173 234
2315 860
1840 715
2000 1210
1085 166
2561 963
2496 460
1207 71
2282 831
1766 1592
1801 893
2625 1272
1184 313
2504 519
1907 20
761 401
2330 30
974 150
647 53
1589 1295
1736 418
1924 874
2013 1396
2513 773
2025 155
2182 1735
2283 993
2481 389
1058 117
2230 1605
481 19
2446 2074
1378 1256
860 401
988 874
2111 1801
1906 72
2272 318
2503 1675
1380 1123
2312 1674
757 567
726 386
1288 334
2289 497
2263 2193
2383 47
1825 877
878 41
1604 530
2228 1293
1622 271
974 875
2469 2456
1586 769
2506 21
1789 408
1944 578
2458 1980
2324 223
2303 1895
1707 1142
2428 1725
2342 2320
2201 2119
2551 319
1411 30
2668 2088
2327 57
1873 723
2013 1080
2520 1946
2027 773
1621 28
2339 1900
1203 1089
604 303
1126 328
688 58
2001 201
1480 1344
2690 1097
1775 1177
710 593
2241 117
2367 1942
2394 1693
1936 1609
1419 666
1653 1049
609 308
2121 2063
1568 449
2685 1198
2115 584
2621 1732
1786 1765
2315 1675
2453 1718
1674 1572
1518 835
2143 1480
1423 928
1907 648
2030 1499
1361 103
2665 1236
2382 1336
1080 423
2677 598
533 387
1266 1184
239 42
1084 1071
2580 908
2477 2381
1919 441
2695 845
1439 93
1672 985
2615 722
2141 93
2498 947
394 323
1767 408
2492 1969
2359 1388
2423 2158
1221 673
1231 811
2098 1235
2466 1294
1145 115
2605 370
2315 2039
697 425
1562 1178
2425 561
2647 308
1866 1474
1977 237
2439 854
1789 642
2615 2246
1552 1389
2509 178
2648 827
2631 2151
1797 1594
2440 1207
2016 261
2560 1081
1680 413
2015 1130
2074 270
1969 14
1592 1016
2468 1156
1930 1377
1121 1063
1623 117
1629 1327
2651 1514
1094 1034
1472 730
522 213
406 382
1482 984
1734 1185
1278 1275
868 542
2330 664
1905 1166
2110 1245
2239 1045
1809 352
2295 945
2075 1346
1958 1690
858 797
1106 254
2679 2044
1993 1272
1691 1211
2136 1250
1354 628
2237 233
284 92
1934 359
1542 310
1360 736
2326 2064
2200 997
2450 449
298 275
1192 437
975 746
2348 2297
1231 759
1708 929
1327 1215
1564 1529
2529 2133
2345 1972
957 812
1246 273
1918 921
2087 1355
900 188
2523 513
791 61
2139 1516
834 440
1847 1244
2202 238
1618 610
2055 1713
1044 495
978 602
2494 728
2615 650
1731 972
1249 268
2565 1969
1354 828
1026 886
2427 21
1611 1568
2317 52
801 295
1831 845
2489 2170
2386 1466
2652 151
1968 432
1593 993
2358 1040
2472 457
823 98
548 349
2702 714
2288 746
2465 1416
2205 396
1586 143
2669 2278
2527 680
1126 835
2417 1613
2122 330
1883 139
2017 1351
2048 2028
1692 865
2377 2127
2390 2338
2250 179
2591 1041
1247 893
1704 260
917 859
1540 847
757 541
1928 919
2261 338
1772 1163
2186 2056
2251 1329
2343 2339
2252 838
2327 257
1830 555
2325 2269
1434 1132
1936 173
1538 1071
1768 597
248 169
1598 140
1463 727
1979 1056
2109 1532
1369 4
2666 2589
1581 629
2307 374
481 284
509 388
2596 216
1660 105
976 162
1996 1697
1263 538
1803 923
1697 1366
1995 1830
1341 1026
1351 356
1750 124
1256 950
2305 348
1971 380
1344 426
1055 465
1570 1380
1628 1358
716 109
2455 619
2693 1943
680 294
2346 988
1467 144
1799 1385
1551 91
2544 2216
2109 153
1390 1277
2639 543
2549 2073
2093 1582
600 541
2674 2303
53 14
2018 35
2633 1168
558 145
2676 1752
2578 319
766 737
1737 1525
981 294
2308 780
2621 2224
1206 231
547 18
2106 1054
766 587
2514 255
1294 78
2289 869
2180 405
1974 1001
1849 374
1002 347
1795 282
2581 1870
1769 845
2612 1659
2398 1333
1161 183
2133 931
2420 1402
1285 713
1193 1071
1931 826
262 158
1536 15
1999 771
2106 1338
2420 794
2122 201
1369 204
1006 585
1104 25
2478 2414
249 244
2467 1278
2108 405
1927 471
1567 1155
2416 1565
967 514
1995 1883
2320 2029
2477 430
1970 802
2180 1928
353 284
1931 334
1220 461
1357 509
121 16
2535 1456
886 45
2652 1617
2561 1324
1724 535
1896 1493
1676 733
1236 764
2248 1241
1781 1776
2145 759
1351 569
1719 892
2581 1015
1945 263
1326 975
2491 625
1207 704
1927 762
2547 1898
1024 859
1258 183
2435 249
1449 1102
2344 1875
2172 1862
1000 736
1278 997
2060 654
1410 199
2661 2421
1228 940
840 469
2109 1161
919 777
2488 2052
2139 118
2539 1579
1046 899
2113 1025
1600 760
2250 1419
2462 2223
2489 2447
2088 2026
2460 824
1883 472
1400 1314
1500 461
1745 158
336 265
1911 1559
1761 1400
2300 505
2478 2110
2462 74
2426 443
1200 36
966 176
2598 305
865 472
2371 1821
366 251
323 299
1801 753
2002 797
2654 176
2062 1624
910 809
1108 632
1329 51
2606 1685
1427 914
1559 684
1855 39
2671 19
892 262
2439 478
2467 804
1831 896
2448 644
1086 296
2665 1434
2213 2203
684 560
1765 905
1798 156
956 456
1488 664
1541 756
2238 2190
2577 1952
985 613
1625 524
2374 1068
2092 1892
1824 1510
2160 2012
867 272
1694 698
1374 119
1623 130
1091 25
1976 1839
2322 1239
1930 717
1334 1069
1463 1350
1747 1439
707 701
1969 1812
2526 1698
2543 1618
2695 1870
1562 923
1830 1037
1510 1358
349 17
1687 962
2035 1932
1040 20
1916 1461
786 649
1229 572
2384 1379
2201 733
2688 1823
1136 1054
2413 1860
897 368
2395 2021
1638 346
798 238
2638 2564
793 10
2332 361
625 173
1462 924
2556 1027
919 536
2613 1103
1447 127
1781 387
1877 1642
303 71
299 260
1143 932
1925 1735
1684 1616
2188 484
1502 287
1878 337
1985 135
966 457
2520 2457
972 331
1250 679
1189 591
1869 1332
693 229
1947 1196
954 175
2614 635
2261 604
1768 1673
1863 867
2045 150
1973 158
2061 908
2077 375
958 132
347 152
1243 467
950 798
2367 1528
2248 1585
2617 2613
2079 1240
613 104
1008 279
2316 2048
2232 934
2357 2291
1659 296
2690 1090
1154 14
2006 1990
2658 1683
1438 1175
724 299
2503 520
2471 93
2218 1438
2143 1175
1497 503
2683 2093
2648 147
2520 1540
2536 114
2100 570
340 61
554 75
1391 108
2277 2155
2613 1607
2467 694
1847 1805
2608 467
550 522
1385 1153
1461 1036
2380 274
2428 2206
441 278
1495 900
1460 504
2602 1559
2634 2154
1937 790
2451 2218
1882 160
2025 531
2022 1963
1580 543
720 250
2496 1791
1855 1288
2573 2470
2543 1517
1036 257
1712 657
2076 745
2411 895
1788 1379
2365 1818
2055 867
2684 1539
473 200
2307 2226
2167 1014
2645 2575
323 267
2508 1306
1635 1430
1727 993
2341 95
1443 938
2552 2221
1571 376
2357 788
1779 261
1872 1818
2270 802
1624 510
2651 521
2340 1500
1216 430
1495 1152
1651 444
2412 264
2575 2374
2363 1457
933 168
2535 2425
1590 523
2217 311
804 602
1781 781
879 604
2548 2391
1063 600
2063 301
2401 729
1637 1286
557 506
1409 914
2650 1947
1120 734
2024 476
1885 308
2371 2069
256 61
2638 2619
1860 475
2202 1396
1704 493
2680 141
958 429
351 286
1575 1533
397 324
1677 1616
1407 1197
2573 1187
1156 856
1570 1326
2251 37
2506 1120
467 346
2269 206
1817 594
2331 1117
2508 1600
1232 111
1783 557
2462 152
1797 1469
2289 155
1195 1068
1258 510
672 513
2396 60
2707 2567
1324 640
919 611
1397 672
2227 2185
2640 133
1403 194
427 303
1452 1159
1657 808
2158 1721
1449 1143
2123 1778
2292 72
1009 40
1044 855
935 556
2015 922
361 317
1484 597
1618 859
954 206
302 149
864 358
1762 1511
2533 867
2575 2337
2074 1007
1643 1542
1338 426
2493 2131
2649 62
1905 896
692 548
2044 345
2031 746
2636 1182
1595 1508
1943 560
475 441
2183 1590
1022 366
779 393
1171 845
665 521
349 173
1703 1181
1147 56
1413 312
1421 1015
2234 1960
1632 266
537 464
997 831
2607 1173
580 558
2148 828
2300 1228
2572 1412
2548 840
2080 843
803 623
2552 413
949 428
518 51
2375 863
176 7
800 625
2587 1928
2127 2048
1740 143
2572 138
1824 765
2493 1522
2466 2280
2459 286
1972 1091
2046 546
2380 1130
521 472
1212 1140
1513 1461
221 28
1980 914
2462 2242
2057 296
915 634
1763 1453
2230 793
1352 266
1232 679
1642 541
2159 759
1823 1237
150 2
2118 891
2675 361
2546 1157
1404 396
1208 112
1170 548
597 343
2209 209
2564 1497
874 654
2651 2391
1909 148
1370 931
2106 1774
847 370
2460 204
2513 420
2223 2063
1244 608
1935 1519
1778 837
1575 1083
1122 62
2186 1739
2185 55
2635 1099
1882 722
1842 1398
1237 513
620 609
2497 432
842 270
1357 649
2119 648
1808 1694
1023 424
771 491
1111 380
2300 1596
539 264
2567 602
1487 1348
1571 781
2263 1771
2249 728
1025 164
2583 2323
1806 1165
2703 1601
411 375
2357 905
2589 2197
2539 2084
2178 118
352 178
1605 742
2512 619
925 384
1007 751
2013 1265
2060 110
2251 1794
1199 779
1672 1664
2362 629
2333 2156
230 155
1948 836
1095 970
2428 285
2564 734
2395 856
1404 480
2526 448
1882 291
2276 1177
1859 1119
2250 1394
1383 604
375 42
2456 2383
458 414
2601 770
1083 883
2664 1304
2219 562
1337 14
2084 1522
2537 1464
2006 1061
1937 1849
1164 692
940 258
2190 638
1276 618
1526 843
1979 1192
1943 1071
1168 1124
2634 1579
1521 81
2621 2006
1330 1115
2624 872
2522 2086
2464 1013
370 361
1368 664
584 15
561 238
1186 796
1014 449
1229 215
2187 583
1374 750
2367 1327
1743 623
2279 383
2667 1567
1574 1084
1899 69
1916 379
2571 841
1153 239
265 45
2274 1176
2303 816
1226 1131
2028 681
2615 137
2350 820
2391 2271
1747 1490
1204 813
1126 374
2100 370
2580 178
1679 1021
1615 240
2301 988
955 825
671 636
952 919
1859 251
2241 634
2315 1638
2147 331
2021 1407
2503 1004
947 125
1035 71
1561 880
1632 360
561 231
1757 637
2538 1813
1592 594
826 529
1883 852
2532 482
1695 26
2231 1340
1377 1100
1519 1303
2191 1010
1658 139
2262 88
1997 1324
1821 653
2046 831
1415 1245
2676 1780
1154 469
1292 1075
1731 318
2164 1791
734 394
1457 1128
1380 279
2689 2418
453 239
690 127
827 728
770 685
2682 1033
2613 1578
1886 817
2586 1253
1448 648
2706 1069
964 858
2370 634
2457 2282
1541 98
2486 1860
1490 500
2683 1484
1000 633
1952 995
1600 1445
1806 1199
2616 537
1434 734
2664 407
2313 916
1234 143
938 707
2014 130
2531 274
1564 982
2312 1263
1386 343
2321 376
905 376
1912 767
582 192
738 630
2198 2084
2118 815
1474 236
1196 378
2304 2191
1697 1293
1978 1133
1011 736
1757 243
1642 972
2214 1549
2406 977
1707 1354
2643 1631
2507 1663
1607 508
1908 1882
1078 203
2507 1277
1224 334
1965 1729
2627 580
2384 2133
2682 2255
1224 1176
2549 239
2316 2298
1161 935
2083 526
2598 296
2085 1442
2111 10
2593 2080
1997 1000
1170 1040
2400 2019
2703 950
1040 764
2109 1990
1359 1123
2434 1479
2690 1438
1002 18
2476 864
884 260
2262 1103
1756 198
2641 1599
2613 101
2078 636
2634 425
1001 666
2549 73
645 356
1879 215
108 28
1205 859
1198 124
2109 1281
2283 2108
1761 892
2676 2513
1629 658
2182 1984
1838 1474
2075 1048
1822 1526
1561 783
2280 1682
2157 173
2643 2401
2389 760
719 194
2472 1679
918 367
2425 2309
817 586
2611 450
1879 1029
1663 1392
1944 606
2606 675
484 172
2619 1788
2445 2154
719 121
2543 2174
1645 37
1268 487
2580 672
1149 1078
2317 767
1974 1951
2297 1438
2542 1967
2485 2334
2319 1098
2684 1589
826 357
2287 430
1434 791
1349 1281
2076 832
1634 967
882 225
1626 761
526 143
2515 124
1387 1212
483 129
2322 935
1583 736
2147 591
1784 1284
1229 471
1749 1699
1091 586
181 105
1868 1387
642 609
2021 1925
1561 594
2038 282
2271 2133
2499 35
2119 2021
2578 1456
2178 1287
2693 471
1698 1455
2346 2226
1765 1343
2222 148
2643 1111
1136 212
1480 805
1503 1285
1764 639
1999 887
800 188
753 339
1807 1033
860 515
1128 324
2515 268
718 116
1068 431
2527 1770
1914 1187
2006 319
1072 887
2461 1608
1182 1010
1254 278
1656 1392
2323 1701
2498 1826
1916 1171
1815 1623
2269 1616
2638 2635
2142 439
2538 896
1173 1054
1306 380
2088 716
1850 1739
2562 2071
1330 860
1541 144
793 430
1695 93
2278 115
2132 1538
1698 859
1064 898
2269 530
1818 1054
1086 985
1197 848
2158 251
2038 856
1483 1443
1542 50
1207 825
885 717
1954 1127
2640 2323
1031 471
1359 1067
1562 300
2179 1222
2160 2100
1800 1708
438 193
2311 1879
2012 1062
2192 1037
2341 1330
1930 1711
1256 478
866 199
155 119
1116 641
2303 2254
2211 1097
1996 910
2605 2579
2118 1570
1727 1694
2243 2197
1744 482
1686 629
2478 861
764 583
2543 1386
1320 1193
1414 597
662 68
1632 160
2516 798
1104 346
1410 807
2650 1390
1798 1130
2700 2151
2303 93
1902 976
1301 405
2604 2309
1479 913
2622 2484
1439 1410
1581 1453
2339 1596
305 212
821 392
2232 1858
2398 1149
2684 1559
1619 636
2570 1209
1802 227
599 65
2018 1188
1522 49
2601 2547
1283 439
1341 1288
915 744
2519 346
1647 856
2649 1015
839 441
2298 1110
2289 1019
551 417
1759 313
2317 677
1086 90
1510 1233
1022 753
2695 2295
2327 1881
2340 357
1881 964
1890 1205
1645 26
769 253
450 356
1887 95
1298 318
2488 197
937 29
1310 1212
159 100
1555 512
2050 1128
1470 1185
1069 841
1690 1231
1392 379
1446 1302
2633 1241
343 45
1468 861
874 383
1081 37
2354 1095
2273 1416
315 110
2382 190
1464 1193
2267 1216
1707 435
2586 1938
588 444
2442 676
1833 352
2588 137
973 350
2020 971
1614 1238
493 290
1702 585
1092 534
2092 723
1288 129
2100 278
2484 1237
1166 535
2148 1359
2686 1651
2689 2100
2323 2024
1463 319
2392 1963
1113 1007
1389 627
2116 1565
1358 1307
2244 1544
1336 634
1522 1132
2240 1084
2582 1452
2363 516
1949 149
2472 1969
2191 1392
2704 1576
2155 2142
1949 229
1596 736
1892 1757
311 34
1656 1370
2547 1925
1257 526
1448 978
2680 359
328 282
2457 102
603 565
2617 2531
1535 616
2056 215
957 201
1120 1067
1890 598
881 222
2087 987
1143 1119
1385 322
2020 384
1442 561
1761 1735
2464 2453
1395 1318
1897 628
1892 513
2666 1128
2137 1641
2226 724
1551 1039
2069 882
2242 320
1588 1234
2195 851
1818 399
1872 857
2676 864
1094 1021
2546 1474
957 129
1582 1221
1852 302
1959 1468
2180 1544
2613 316
1081 637
2508 2247
2133 1194
387 118
1503 1483
2443 272
1364 106
2651 41
1889 1734
1903 106
2430 834
1661 837
2215 1069
1204 695
1642 762
1981 1483
1497 1201
2422 2365
1921 1047
2304 2262
2637 200
2285 1738
1595 759
1289 168
2376 1331
2454 1955
1269 316
2089 259
999 721
1904 1857
1816 110
423 186
329 94
2015 713
2103 539
2463 335
408 72
2634 1825
2204 526
1749 707
1722 79
2160 1714
2366 321
2026 897
1480 1211
2239 2025
2534 1136
2208 1798
2404 1904
1487 276
2238 1773
2179 1723
1271 1192
2295 1181
1379 1291
2239 567
857 174
1832 44
2600 313
1632 1069
1631 927
942 932
1709 369
1397 270
2088 954
2028 1316
1223 1019
2068 1383
2693 1808
2019 539
2120 1751
2202 1575
954 272
280 220
1529 1369
2456 2308
1049 27
2640 2458
2333 897
1918 1149
1547 416
2049 330
2552 1655
1425 586
2090 18
1578 1280
1199 418
2457 122
1868 1513
1649 31
2130 479
2526 661
1536 917
2630 1099
1741 205
2154 990
1763 1444
710 348
2282 1174
2202 205
959 616
2258 380
2082 1120
651 610
373 166
2658 822
1887 298
2477 1486
1274 666
2369 1309
1861 1138
1049 503
1432 1213
1185 412
845 78
1804 1634
2323 667
2269 84
2683 734
2054 427
1517 1350
2368 2298
1885 1862
2273 373
1972 225
1997 1772
2026 234
2707 354
1189 649
1114 779
1824 1048
1340 1079
2438 2022
1160 590
1773 902
1374 594
1498 475
762 117
1876 80
2421 1798
2215 1347
2528 845
2466 2155
2481 888
2544 651
426 252
416 25
2223 1706
1625 284
2656 1110
1832 242
867 198
1368 987
596 356
2562 2452
1980 10
2140 1919
1263 1161
2467 1135
998 726
1784 1063
1771 419
2261 353
359 265
2074 970
2414 1117
2022 1032
2162 1322
841 37
1911 1329
1860 94
2011 185
1087 692
1802 866
1514 1421
969 338
2582 1093
1738 204
2193 1367
2239 473
1668 350
895 507
2603 68
1667 175
1227 294
2100 123
785 645
2079 1469
2025 370
2542 863
1616 753
2079 204
878 197
423 238
1158 288
981 388
1882 301
1299 1218
883 332
2578 1590
907 321
2638 143
526 366
1713 1087
2080 1673
2546 1108
2644 2237
2342 1002
1707 876
1709 789
2537 1710
1965 63
2411 1966
2356 771
1610 67
1163 406
523 297
1615 1431
2400 1008
917 48
1940 71
1610 701
2650 623
1292 1002
955 878
2027 514
1905 987
1166 655
866 15
732 419
395 175
2539 2075
1929 58
2499 1985
1043 356
548 22
2007 29
1484 102
1361 679
2054 1640
2062 1128
246 33
1813 1192
1270 9
2389 426
2684 1204
1067 228
2556 157
2117 440
1885 639
1922 1080
1529 64
1842 392
1571 1468
1934 1506
1097 670
2494 2206
815 435
2397 2125
2154 885
2202 394
383 174
2458 1279
1914 1245
1939 1718
1692 762
1667 43
1501 512
501 262
2417 2199
2106 417
2275 15
2215 309
1668 43
1804 315
2254 923
1329 255
372 336
1595 1187
2278 469
1414 428
702 245
635 90
1968 63
1846 363
821 516
2160 335
2360 1068
1153 754
1605 84
1494 625
2087 1213
2143 1473
2430 740
303 11
2565 995
2271 1700
903 546
1886 1148
1725 370
1901 1260
1265 1246
668 43
2103 1578
2111 1306
2251 248
1714 406
2685 1421
2647 929
1589 838
2388 1599
2544 1085
2375 1853
1925 549
2520 2176
1710 721
1919 1002
1983 210
1791 310
1484 1439
2078 816
1287 729
1677 1018
2176 1130
1951 1857
1755 481
2145 1084
2145 375
1681 690
1456 508
2207 650
336 207
2309 907
1181 217
2130 377
1631 1297
571 306
2364 635
1358 1166
1821 1693
2225 1519
933 125
275 1
1885 664
958 52
2246 2050
2156 1003
2642 2641
2323 2127
2120 1968
1599 1082
979 646
1376 126
221 9
733 222
2367 2035
2358 1242
1792 450
1997 1114
2322 565
2314 1198
2213 1991
2077 1593
1557 1377
1854 1574
2576 1069
1031 195
434 308
1310 524
2570 1096
1744 322
2016 1102
2346 177
1730 1005
2464 1826
2280 1115
2531 2386
1346 708
2685 1651
1254 254
2499 1253
1198 853
1706 1039
1615 1314
376 343
246 182
278 108
2383 2330
840 542
2213 1828
1934 921
906 497
1283 941
1958 1241
1924 757
2689 2020
1188 498
851 44
2438 1697
1963 1443
2189 1145
1291 343
1956 428
2334 1658
157 27
2185 504
1904 1484
695 194
1810 648
2231 2213
2541 315
1721 690
1705 1536
609 314
2674 299
2496 1339
2391 1879
2509 1649
1503 1381
1755 1517
800 223
795 129
1272 722
1708 1336
876 497
1498 1156
915 207
2057 1553
2300 1874
1814 841
1931 713
1606 270
1429 522
572 184
1911 1848
1313 781
1210 1094
1940 1681
543 379
1049 783
2173 1772
2549 2293
2395 1325
2618 1902
1710 397
1220 1017
2459 549
2245 588
2372 2177
2493 2458
2115 2080
1444 1146
2158 422
1744 1305
2012 1362
1636 850
1073 514
1552 622
2682 2299
963 510
1034 254
2613 521
2587 1016
1910 1467
2262 322
408 281
1442 901
1191 755
1741 1278
1677 216
2620 2553
654 404
2687 2114
2648 582
2267 667
2612 1165
2034 1642
2403 1889
476 224
2489 2204
1576 49
2629 1662
348 142
1786 1550
1968 1476
1261 979
1853 744
2416 1912
1206 319
1498 144
2491 1461
2355 679
2706 131
1789 128
2147 1973
1768 1628
651 15
1079 821
2410 2198
1141 154
2493 1202
1284 619
2020 512
2627 758
1411 247
779 689
2034 692
2246 952
2146 393
1506 309
1349 1137
1533 731
717 408
2640 774
1759 1591
2075 1737
1099 104
2006 1441
429 49
1331 994
1456 1380
1089 74
2149 1944
995 346
1565 1429
130 33
2468 1307
1852 599
1028 390
1284 1
1637 1077
500 348
698 316
1992 13
1051 679
2010 1151
1535 950
1010 577
2612 2455
2396 998
1787 1031
187 142
1981 1823
2445 1828
1407 1066
2505 1471
2391 1660
2378 1062
2657 791
2234 1365
1091 1068
820 191
2208 461
2576 1641
1578 1061
2437 348
2608 391
1719 301
2080 689
2594 490
1508 297
2374 521
2532 507
2657 864
2312 1584
2238 2088
1840 1456
1795 265
2086 1146
1587 1389
2116 1957
997 935
826 137
1534 1112
