2216 1454
78 691
1212 56
60 1423
960 441
537 1461
184 1329
2159 1525
1726 1263
1350 2138
2140 1616
2162 2377
1499 358
648 1204
2442 2300
609 347
938 696
2412 2552
2456 82
310 1959
1717 1061
324 289
1241 318
1650 1950
2514 930
1804 1748
50 2364
246 880
2567 1603
211 727
1594 1203
1679 1721
1935 834
941 2314
2426 2641
1705 890
2459 2603
1088 2154
2381 34
823 2075
321 177
1957 2490
833 2089
513 982
1838 1795
1631 1239
142 2165
794 2654
98 140
2669 1623
122 559
2030 2266
1526 835
43 2673
2636 252
361 116
803 902
1654 478
1769 2352
1634 489
1556 1208
117 56
449 1045
1968 2137
718 1182
1205 133
840 807
559 1761
1285 1655
1140 976
348 2130
2136 1185
2649 2546
452 1911
1770 325
1280 1269
1551 2563
1136 548
1395 2680
2275 1500
420 1706
28 2596
631 1943
1084 496
2188 2530
1904 1962
1191 1304
2083 2451
1664 121
2344 407
1542 2007
55 1384
1224 1608
1370 2522
2218 1894
197 881
1163 2178
456 2340
1023 1994
533 1756
2306 2612
2197 526
2046 407
1811 1784
1120 1042
2035 947
713 1757
2342 1635
480 1269
1437 142
1743 710
528 69
223 1147
1550 1510
584 2157
227 404
812 530
842 1801
873 148
1517 2460
2603 1195
2059 151
151 1641
803 1127
232 2583
560 1732
2162 120
1158 782
1427 1405
2038 1462
767 1942
441 589
1841 1774
2629 1787
1600 1
2334 511
1635 1964
1370 40
1975 2403
957 1894
1492 1268
870 2358
2093 1258
2639 2161
117 1525
1340 453
499 2313
1246 880
1081 1493
899 1205
1844 1741
966 480
2627 2128
2023 2096
2071 49
899 1393
1958 2372
818 1310
497 1292
1241 1585
1623 256
1632 697
2676 112
1384 2547
453 396
435 2629
54 495
1915 1896
698 459
1896 581
1518 1028
754 2218
243 2347
1485 684
1508 2318
1573 327
400 1213
1458 2585
12 2157
360 1979
2217 2368
806 577
2022 332
91 190
1705 1773
929 1330
162 684
2443 1076
389 1056
1539 634
431 1863
330 2436
490 796
2573 1962
1663 603
814 2595
1587 1048
1798 2547
2320 927
1200 2030
1844 1171
2018 456
2652 2330
1589 1800
1006 649
1658 1446
1357 976
2433 1890
117 2531
2551 179
2446 821
205 1103
1859 587
1273 571
806 2128
1533 65
1431 663
1211 501
633 2652
1709 1351
2005 450
883 1816
719 809
757 1082
1475 1881
466 337
2494 751
239 861
583 850
1753 122
2119 1288
683 1340
2675 1976
1326 2357
2047 2625
409 1110
1419 39
2416 241
1059 589
2571 1493
1271 2672
2681 810
117 1800
544 1878
1293 984
324 2545
565 2179
2330 2235
2642 2594
58 1639
1522 1406
1744 1408
1090 745
1864 758
937 2088
1787 4
2126 1590
1149 1808
527 52
429 2422
1029 283
703 1037
1226 2227
2468 587
2069 688
607 460
73 1110
1876 80
1214 2393
2402 79
940 1329
2253 68
1108 2421
874 1038
20 1433
211 2629
111 2193
1965 2408
2281 230
2198 2543
1786 2549
161 126
159 839
2068 1437
649 2215
1148 2403
1968 1067
1621 275
1872 2518
1000 888
1115 585
1459 2393
2224 1787
997 239
1384 1187
1917 173
464 1896
2294 518
2706 319
2098 746
1902 511
2531 1952
1110 1205
1242 1472
1018 96
2006 2607
1200 1254
390 334
2500 1036
1954 1487
162 99
871 1350
2566 63
1936 1988
1123 1289
2330 1930
987 1523
162 151
70 1754
2416 305
757 1937
798 685
2316 333
1660 2422
2112 1678
1578 2579
2139 2528
2070 1890
1050 147
1025 1588
983 1189
1364 240
1857 252
1771 2206
1017 306
884 28
1323 2218
1646 722
2492 2619
1906 621
1030 901
1271 846
1908 2684
1899 1778
2365 232
1062 769
477 2547
2072 799
221 1971
1360 306
1183 2211
342 2505
343 1501
800 418
2455 233
1038 344
447 1609
707 2641
186 1742
359 769
1475 225
2066 1551
2033 781
35 1552
2058 1173
1428 1677
2573 1927
1904 2205
540 1232
1231 1712
821 1811
473 127
2056 2677
461 1490
676 627
983 1916
1928 104
648 779
2270 447
556 2292
184 909
2009 2396
636 2130
1039 246
1659 1792
2248 1955
2525 878
2385 107
943 2004
1453 2655
755 530
1548 2606
1741 153
1914 930
752 2510
588 69
1106 1608
2310 683
223 2490
1555 2556
321 967
23 529
1040 1559
308 1265
1570 1528
2486 893
1448 2132
1136 2297
1246 1619
818 39
1713 1556
813 4
866 2022
1896 2373
1225 492
2397 2152
815 1161
355 512
2383 151
2693 1066
2091 1741
308 527
2101 1210
51 216
977 636
690 2014
620 2331
2523 422
1376 986
2494 1332
1596 1471
41 657
1337 2299
1398 961
441 1520
1990 679
2103 346
284 601
2249 1488
1174 1339
2602 2673
1063 1521
1813 114
611 2622
1898 682
197 1456
488 2139
614 292
436 100
708 1925
2657 1353
702 395
2381 512
158 1700
1313 1083
63 1270
928 856
1735 582
1133 1385
845 2601
2148 1953
1607 2309
2392 2043
2354 663
2067 2627
408 532
824 1673
1820 2622
888 2472
483 314
2470 601
689 1065
2306 2296
858 946
769 2116
443 228
986 2337
911 2588
1767 1317
1775 416
2686 1422
1652 1210
2387 424
1151 2657
589 1413
2447 2433
1508 452
2552 1156
59 1615
1279 726
456 1538
945 1321
600 687
2292 1981
275 845
500 2550
661 2379
942 1565
1883 2020
184 1502
92 2603
1388 2113
2260 1098
1346 1454
1186 1561
326 1075
418 84
60 576
503 2139
275 366
665 1442
2029 371
1476 616
187 1145
532 1234
1555 1395
1998 568
1752 2039
982 27
1326 195
242 874
936 836
2341 2294
676 2038
2616 1938
561 1120
1094 299
1468 2498
2002 1731
618 2616
520 629
2637 39
1471 1132
1342 1216
341 1180
1801 579
2617 2058
1334 1737
41 1072
630 2294
515 2673
519 941
1149 2019
288 2021
1968 1012
1744 1414
1355 2354
574 46
1907 2097
2058 2654
729 2365
259 986
2632 54
2130 1146
2623 1936
1852 2469
2452 535
2078 1057
1874 1909
1228 150
588 1305
189 497
2184 430
1325 1353
891 822
823 1184
2618 2387
47 1425
1467 661
1957 642
2515 2117
1019 586
1104 1352
2086 965
2165 2621
1318 141
1547 2232
703 2566
516 395
1629 966
608 2367
824 57
506 2572
7 2275
48 2237
2458 2186
707 2390
1031 991
999 665
375 2693
893 1795
404 951
195 1843
2046 2367
912 717
1116 1438
1099 2629
938 2489
936 820
1249 1485
2037 2168
1765 736
1096 2599
379 357
54 480
79 340
1232 2448
2369 940
626 1920
1529 1023
2171 386
2578 2336
791 847
468 268
2172 2558
611 1088
2517 915
1396 46
992 26
1217 2628
1484 1946
1127 775
2370 2627
103 1140
173 2395
158 1424
1619 278
1976 2195
21 1479
366 2605
1886 745
2702 1007
2043 1239
2279 1847
1874 450
943 1983
1380 2387
351 1811
1226 619
1814 1071
2634 2647
646 2092
2501 2045
1431 669
1397 913
504 457
2314 2526
1142 1214
857 710
1886 1535
2292 664
43 1641
48 465
2687 728
2080 1203
551 2027
2608 1838
2467 2390
728 2007
2022 949
2074 1989
1476 2372
1661 409
1128 1790
2218 2544
1113 72
765 1146
849 342
1702 913
874 2187
149 1267
932 1561
1489 951
2200 672
803 1213
431 2085
2223 688
89 1115
1891 664
966 444
50 1346
1373 2225
2026 1867
60 563
32 760
2556 2615
783 630
1378 60
1401 1133
694 208
147 2615
2669 219
1829 1735
2181 2560
2315 1322
1662 277
1435 1027
1028 2228
2534 1101
1334 492
1872 715
2529 59
134 2142
2084 2168
456 2033
34 1360
27 2197
1241 2408
2515 1622
1340 1658
1932 1218
959 1530
928 1220
2459 57
2597 2199
1354 671
178 695
2081 576
2440 535
1892 508
1228 1147
150 224
171 234
1053 2295
164 1485
603 989
2394 2305
2017 1517
81 624
2069 937
858 2662
1656 2060
1360 1494
923 374
901 124
2365 364
1262 2460
1473 1464
1205 2017
1846 1984
2347 1100
623 1316
2680 1866
2688 1267
1306 2632
63 5
771 2330
1378 2488
2311 1788
598 1029
1151 711
1300 1013
1936 2449
2318 295
2656 42
1429 2580
624 2173
305 986
541 1790
64 650
1674 896
2558 1086
1532 2093
2415 269
1861 1557
1614 391
417 381
1898 692
2707 311
1944 835
602 2350
1531 2482
305 1737
1920 818
2088 2637
1536 897
1220 100
859 116
2146 2239
2000 951
1220 940
2585 1395
1629 2104
1709 2653
1362 1793
2437 589
1753 903
1981 12
1191 1005
1704 2324
2562 505
1166 2302
468 1740
137 2517
1598 394
2133 568
2482 539
70 2287
323 191
2213 796
1163 566
2589 149
495 2201
706 103
2695 830
2001 826
1199 1966
1898 373
2227 1014
753 1077
695 2326
99 2209
2441 497
2516 80
74 1321
1818 2311
43 250
208 623
87 2458
968 2347
402 1257
1202 460
1248 316
1145 2393
1391 401
969 1213
438 206
373 1715
205 927
671 316
2368 1612
2437 2348
858 1728
2178 102
158 759
2598 978
2705 436
2161 2424
2085 1757
354 1620
2279 290
265 2441
1257 543
928 533
870 1235
934 247
1029 913
1886 2554
219 2683
2610 1328
2509 2588
2106 1463
2338 2052
127 329
1836 1110
695 1160
2419 1918
1493 529
1170 2000
362 1250
2154 1521
847 1310
875 564
2578 2467
1030 29
998 1376
1893 526
107 2289
1274 1362
497 551
1119 2073
2153 1
1002 1582
330 345
1176 235
32 1217
1498 110
1124 2382
2505 350
2509 1856
345 1168
1954 2108
2019 2211
1872 508
73 848
2547 1323
2463 458
1092 1464
1282 520
2076 2057
2557 1510
1863 777
1745 2047
663 478
51 1699
2655 574
1532 827
2315 2668
541 975
466 385
1532 2342
590 1307
70 1090
856 1468
1827 1163
2132 15
94 2249
2517 1674
2564 2320
2394 2376
1938 1711
1576 553
1593 1181
2362 2613
1867 512
1232 1348
684 2224
2042 2164
2535 266
1651 1722
1721 820
1553 2108
894 2668
1179 1759
757 136
1868 1451
40 1113
1559 23
1941 448
2116 2678
138 1249
190 157
2332 1953
160 1321
1919 1386
1427 1470
988 1749
1389 1705
961 112
1824 1412
2554 1095
1228 2531
211 257
2226 1156
2053 2132
2674 1971
565 578
2284 2255
946 1669
2134 807
1569 601
333 2413
989 103
1966 496
963 18
1319 1658
1320 2302
890 439
920 163
75 748
1824 177
1612 49
1704 2554
2220 1147
515 668
1300 1154
2420 1734
419 2527
1172 1432
600 2213
2096 1521
1095 1151
2705 2594
2402 1559
2084 2525
1385 1590
1991 2588
1208 2281
627 2244
2548 1011
2160 1827
2025 1853
146 2524
1567 928
2110 490
1213 2343
878 868
1775 1753
1000 882
1970 821
852 379
703 999
1251 659
1862 2157
933 1482
1520 801
1371 2579
1143 2591
1973 2127
641 2147
314 300
1793 1813
1564 357
1057 1670
1351 1088
1879 1098
672 1461
1213 2379
2632 1379
404 29
1473 1472
2692 2551
328 599
1376 2007
1740 812
2558 1534
2101 2673
656 1137
112 1514
1208 2297
1646 2476
2122 2187
336 2472
1746 840
297 707
303 2445
2243 229
583 7
2283 2286
1182 1415
2011 2698
863 2114
95 2610
1279 924
1952 2580
518 2387
952 1873
308 1796
1025 1633
2642 1994
795 771
1159 419
694 1609
1914 2237
2085 2428
2009 1767
7 673
1279 755
1818 620
600 862
384 546
2214 927
2647 1368
1908 2505
2458 1365
109 1818
1383 1381
1907 100
1127 161
321 997
208 2672
333 2567
1795 889
2496 1345
796 100
1978 76
1792 1297
275 296
219 1661
2208 2570
279 2565
2670 1349
2059 965
2115 684
1741 1570
1015 21
1788 2204
1469 65
1660 1310
680 727
543 136
1124 2428
139 2086
1369 743
2064 664
1704 1334
927 2533
96 2687
1341 2166
2244 778
2096 1983
2165 2543
2701 2463
2076 2197
1573 2297
1917 281
38 734
1833 1332
2367 1202
1600 834
1594 815
2188 21
2703 1894
797 380
1006 671
223 2112
440 361
150 2503
1251 1495
1428 2531
2464 1475
26 1467
2629 2062
1047 480
1332 1391
2260 1997
2021 1995
2453 82
1631 1140
80 2376
2675 2036
1297 713
1558 1415
1705 489
403 90
1948 2186
290 444
1134 2144
1470 930
1748 1005
2067 2431
756 643
1082 1555
2529 1277
2548 365
555 1560
399 1903
2615 827
1178 191
2163 1750
550 2398
399 1490
891 1445
1536 2133
175 115
2347 2463
2197 1231
463 275
1802 2365
1019 1637
2283 2001
1793 2395
930 948
1227 1683
2572 2351
2221 275
813 1950
1104 732
501 253
125 272
1108 2299
2202 2060
1493 350
359 1144
1606 1604
107 2586
1700 1618
740 2303
2490 418
1030 417
900 46
326 2701
1332 60
854 2121
233 808
1971 1987
2507 2340
2576 1790
2135 457
438 758
1828 1951
1305 1116
959 2209
2608 656
13 1459
2190 311
1672 2479
88 1544
2002 811
1229 1452
2462 1296
1368 1356
2345 776
1740 940
763 247
1590 559
1598 1065
1142 1512
801 1206
2658 550
1261 246
1384 970
291 613
1868 1423
612 2157
1415 521
1468 659
110 2676
2643 1902
1598 656
87 624
2274 1079
1448 1628
2377 454
2312 330
2179 420
1365 1009
345 405
2401 401
264 394
217 1236
299 518
242 758
729 1065
938 400
437 1108
1380 331
1602 837
770 2555
1534 389
294 2590
1001 457
447 340
2390 66
1110 1143
2078 24
458 904
1820 1017
2532 576
1037 1373
310 668
46 843
776 1814
1144 2541
2179 434
1611 1431
1957 2031
550 568
1902 1888
304 1996
1382 862
1342 1119
692 352
911 472
1613 1725
1316 426
1713 953
2532 1073
1307 1053
326 659
1647 1045
501 1827
1246 340
274 397
1844 1032
384 2257
455 1336
2333 922
255 215
870 2388
2298 2563
1800 196
2561 455
912 1146
1323 509
1213 1992
720 518
322 478
1356 316
530 927
1452 2538
269 2343
843 2018
1546 1340
1498 2550
1860 1100
1761 127
1586 1354
522 137
774 855
897 452
1173 1743
823 2583
2344 2366
2696 269
2667 1239
1199 1902
2250 1983
307 1071
898 2408
1396 75
800 1020
1550 135
927 345
1807 1550
86 1547
815 178
1285 1444
1453 1690
2114 1398
1432 1730
1895 1044
2608 1912
1195 2599
1039 1894
1883 2691
878 1245
1289 1112
2105 1374
188 2139
8 1937
262 1200
487 1216
1551 60
1010 776
100 866
152 2660
795 2622
1386 707
1388 1735
1237 672
358 1533
888 737
1424 2385
979 846
195 1211
637 581
109 1890
1780 2131
164 488
1021 128
1332 219
216 2002
784 105
2483 839
863 321
2338 5
2581 2603
1226 2252
1028 2615
346 2076
2333 2411
190 2525
1678 75
1084 2399
1626 1679
322 140
2375 2107
133 930
697 802
599 633
507 1686
1310 1021
1267 760
1661 1469
103 396
892 2425
1570 2358
2554 1672
1210 2182
1657 1442
679 77
383 346
898 43
1107 1513
2099 236
2017 1760
1371 1284
2367 1296
1090 1941
1214 1281
1988 2462
862 1351
1030 691
462 2047
1965 2553
2666 2079
9 1706
703 693
2432 2015
587 602
1715 893
2134 182
385 2146
137 2002
2019 863
1768 1111
475 557
1544 434
981 1352
2351 1969
690 2174
1104 1428
2693 814
939 2686
2434 2321
1472 1227
2138 2374
1556 1345
2627 2274
130 2016
1918 333
1669 2409
2136 482
1434 1573
2620 1937
865 1126
1458 1734
2646 1217
1139 420
857 796
2171 256
1961 687
2320 1861
17 2127
636 1266
1792 543
1676 198
1255 1579
1330 116
1103 352
1040 924
271 1499
1661 2029
2203 2236
232 1271
2068 1355
1774 720
1771 2418
521 250
555 1815
2194 2410
186 2536
221 1943
1980 1043
1766 808
2509 2103
200 2331
1756 2064
1678 2586
1439 841
89 1743
1719 1918
1752 2656
1194 1734
1012 436
1662 216
199 598
454 752
2480 113
303 2565
67 1695
1238 1823
835 1357
2170 1233
218 2173
1961 824
1136 1573
1116 1095
1611 398
1334 356
2393 1406
978 2322
2479 2428
437 1192
2187 265
2095 1333
1174 338
397 1455
2432 827
952 561
269 768
391 897
1805 1751
1478 2298
351 1287
2069 2091
1432 1361
2181 679
886 579
982 1878
138 382
2277 2282
259 1470
1948 1164
307 2105
1366 1650
201 2107
2585 1862
1907 1672
624 414
1002 2213
1747 228
70 690
1830 1257
1999 1493
1194 2054
2074 2536
1444 2326
1298 2486
2112 2181
2655 24
1440 531
1530 737
2345 1525
1572 1130
1964 1464
1863 1877
1562 722
2369 1378
67 2381
1464 1620
496 39
524 642
1964 1533
1257 1913
580 2236
102 2108
105 1537
1559 956
377 2566
900 2622
2671 528
1696 2058
589 636
1149 1354
2419 19
158 437
1021 743
193 65
82 913
798 14
1833 2625
2013 396
2164 1782
419 658
529 1134
1229 2557
1809 1482
1389 2082
1657 1740
981 267
2118 998
422 473
1926 10
2372 1723
774 968
1836 540
2543 1392
1002 1007
1139 2581
2637 562
2229 1033
1402 978
322 686
568 927
2198 1078
2227 490
429 810
1825 1894
1784 2401
2571 2695
1272 723
307 146
595 1603
2084 636
637 33
24 2553
704 18
2025 1651
1531 509
2068 1789
1550 167
2653 28
1893 1416
652 1089
2676 58
318 1684
2419 307
2284 1173
1332 1572
2313 1370
2594 309
1387 2134
2464 786
1417 2109
2015 886
2090 740
1434 170
2212 2432
1256 340
282 1622
635 97
1789 1860
2517 715
954 461
1182 2099
2670 1653
1343 1266
617 850
1087 1652
1611 866
831 2277
557 105
667 2062
2694 1595
1683 1718
713 2128
1260 1922
2116 2673
482 1610
611 2167
2692 512
551 2071
2449 124
152 166
1087 2404
1396 1579
308 2561
905 1436
1398 1475
2456 1644
1225 401
256 1
510 2320
733 1383
1380 121
2593 2042
2626 900
71 1852
488 2076
909 1430
1495 2469
2564 2592
2126 9
218 2115
1188 2554
2512 2417
2120 2244
2629 2204
1219 1543
2262 764
2661 1903
1779 1971
1833 2558
1453 1864
1047 1688
1049 809
2350 1838
2440 1688
570 1380
981 75
2070 2299
2063 1899
3 1252
2012 1364
179 2267
2455 2155
413 2529
2148 197
1259 2029
2287 1910
2326 2176
1482 1810
1138 1773
2513 1666
74 1588
1451 1792
1290 36
1809 229
2687 1361
89 2173
2407 947
2429 2382
1593 2138
336 2160
2585 2452
829 1747
2486 967
2364 1271
865 2509
1123 1264
576 1700
2594 1905
300 401
143 1964
546 517
974 1058
1411 2675
474 1375
1518 872
995 694
1572 454
1315 1396
2109 1272
897 2632
2692 1512
2551 2388
200 749
2032 1764
2122 2190
547 2284
1909 268
1561 2662
733 557
2475 1351
415 1537
549 1894
2297 2247
1258 1698
2369 438
2096 1043
471 1430
1981 2395
2106 495
2354 1643
1283 695
1983 2148
667 100
1379 1436
1797 597
1122 2073
2254 1575
2188 1493
2196 1123
1328 58
2064 2273
796 2638
551 1332
1925 2210
1953 2570
1207 1073
551 2309
267 1685
30 969
839 1484
982 1877
384 1677
905 2289
1606 2005
1153 2598
1918 1388
2695 941
2353 1178
2307 2489
2380 421
2182 2672
179 2425
1059 1698
21 659
2402 788
796 1326
1987 1170
40 2072
2501 352
123 1823
1491 1068
1904 790
808 2598
2122 1600
792 228
2084 761
273 584
1147 2065
929 533
1274 46
495 2510
1958 2394
2691 1698
453 581
2560 2110
1398 1929
1829 2338
2019 2243
2444 591
2579 603
2355 2508
772 2466
2640 1009
484 2572
1089 1728
1051 594
2231 1287
1659 1042
239 1678
1493 1716
36 582
2578 1825
109 2675
1396 988
2407 295
2428 1194
788 895
1519 869
948 163
2682 628
703 1064
1186 523
1257 735
2128 374
910 220
1983 1197
1717 1130
2194 1108
423 618
1710 1703
2442 1627
1611 1730
1908 1219
2632 1072
1083 2058
630 1025
233 489
2681 398
299 2525
239 82
1770 2567
1949 67
1918 432
1113 807
406 476
1048 146
1093 2598
108 2389
337 36
2239 776
937 2682
1132 1591
1611 508
1137 2235
1493 70
1149 255
1348 1520
1328 362
2149 2686
501 1003
2261 2346
826 402
1457 2518
1587 2527
1875 1022
559 665
1914 2209
460 575
1716 133
1330 181
787 813
222 2460
2580 737
2426 324
435 2353
2079 532
1607 1557
180 2250
1497 16
455 2401
395 2068
379 2557
2349 244
1216 735
1369 2142
509 1680
2235 2047
884 771
1679 203
2537 1649
478 175
952 1593
1932 326
1502 236
585 2686
1340 2099
672 2190
2683 324
894 1760
2088 2319
903 1707
798 677
246 1693
616 762
267 62
2396 1952
2346 2536
244 1894
1925 1729
1174 11
1366 611
2106 139
2006 700
2436 1775
1280 2355
2089 2583
1303 2456
1564 1674
920 1113
2170 1485
2524 1703
243 2131
2344 517
2424 276
1815 2062
2624 494
1391 2358
676 1213
732 562
1204 1085
1132 2321
1620 863
1819 996
2437 420
30 1932
2460 1308
1878 1707
1404 1449
2613 2669
1397 1383
477 81
1316 1019
2013 1597
399 1887
1409 182
996 2526
1809 2702
500 2148
294 2626
1769 1930
1322 1410
2692 420
2496 1616
1232 1164
978 1900
1771 1348
437 581
1774 1643
440 1318
1180 1160
2094 2089
2182 2508
1656 1160
423 661
2289 879
244 616
436 92
524 1674
2032 758
1378 534
1886 1928
1218 683
868 2061
2099 919
2494 2276
1427 2436
1934 608
1757 2683
402 1006
791 2366
1528 2658
1912 1889
1370 1363
1562 140
1205 903
587 2475
363 61
1631 2500
431 2110
379 2065
1823 1261
217 2298
2674 2153
1706 1954
919 560
2011 1707
527 2436
1788 783
1944 1690
258 1665
1655 554
2035 2082
2565 105
1682 1301
585 1498
1397 2191
388 1417
141 1160
2677 2124
1739 1336
1942 1382
18 1059
379 759
1168 48
1973 1434
1283 159
770 1611
1524 1364
436 380
1919 130
1594 1316
2175 2008
1127 2250
410 2542
840 706
526 2662
2520 1377
2573 1211
667 2106
405 883
2541 1759
1347 1651
1126 1926
55 397
400 2208
2020 519
806 114
1037 374
99 1029
1026 542
2698 1550
22 1733
751 295
1230 1840
1359 755
2228 2693
808 477
721 1389
893 1373
543 722
2313 1349
2030 686
265 1154
1133 547
1712 2675
1040 587
699 1386
1035 635
791 331
1980 846
1097 680
2341 1038
1552 508
753 1422
1319 1855
1171 2225
712 626
2408 2072
1931 2264
2518 1826
1829 652
1814 129
1844 2670
1364 1726
27 2148
805 9
2164 679
1673 2049
2502 1978
430 772
1812 2511
928 1061
29 945
2584 183
2224 2473
599 2396
2303 1519
1721 804
427 1526
2074 1855
81 1556
2121 1726
1535 729
2032 2319
2700 1085
876 1972
158 1733
1811 315
2706 2581
513 201
1102 2678
658 919
1695 526
742 1896
920 2380
1275 840
2062 1
2643 2236
2278 2237
69 925
2251 498
1109 1362
2473 2155
1124 2106
1245 457
2258 763
1806 441
1456 420
563 670
567 2480
2215 73
53 937
846 858
78 1989
720 956
85 185
1672 1159
2563 2593
948 521
2531 2012
2059 35
1642 327
505 365
1146 2425
941 2622
2004 2480
1489 337
1668 1980
1245 904
1508 1229
2018 2101
2211 554
1415 1847
559 667
1464 176
416 2529
891 927
1496 2603
646 2654
1570 80
248 609
1679 567
622 1011
125 713
104 904
2333 558
99 2357
664 2330
636 2230
517 1568
1593 2301
593 761
2562 2635
2387 247
1977 1859
640 2684
2055 2099
345 1748
1025 2201
967 963
2267 588
1539 763
1380 796
2370 486
1002 1477
71 1888
835 2182
26 2299
422 822
2404 104
498 908
226 528
2197 386
2622 1549
2307 667
1307 564
2484 1296
908 2257
645 1894
2547 1075
2379 2330
2613 976
637 1876
304 693
2088 547
1718 78
2358 1877
1288 2509
1693 218
1798 1760
895 1315
497 2570
2472 1599
787 1313
447 943
1736 2225
2090 1834
2501 413
1259 1913
2523 2659
413 963
298 2044
431 1067
848 566
127 835
2651 434
1331 554
615 394
1478 290
1234 2136
2471 5
2488 2665
1943 1138
833 1834
1274 542
716 1101
2061 804
2432 143
2583 1978
2071 1213
1458 2436
200 2577
90 557
1126 1357
2576 2348
59 381
2200 188
330 2204
1871 2120
2237 1563
2080 2294
584 2367
2357 829
44 1282
790 844
1703 2203
1772 1649
1918 2587
322 2162
1432 306
2647 2548
1967 1234
1381 1404
1827 1387
2222 2546
420 964
2386 1870
776 1659
448 1667
2285 1540
1979 1430
2286 1265
2466 943
2264 1546
939 2604
2169 1311
2641 2201
63 552
2316 855
1257 473
1470 1404
1339 2285
660 2026
2311 2106
856 383
771 112
2278 284
2301 2463
1313 1646
1548 242
1782 1712
532 1533
1558 2267
1753 2199
7 1047
2113 308
2354 411
1724 1225
2574 997
1285 897
287 387
1789 745
954 2596
1709 1681
230 1860
2578 214
1100 518
2392 1152
2094 2493
179 1745
1880 1625
516 2617
2152 97
2018 2596
93 2651
896 551
2096 952
1663 2175
2625 1773
2558 1793
1154 315
1358 2304
1444 1599
1439 687
2104 1678
1811 434
173 933
262 225
23 522
1473 2652
1879 259
1178 2183
906 804
1508 424
2205 1806
1309 1340
2328 1391
1684 2490
2443 2023
1151 412
1786 990
2015 965
1896 758
1748 1677
1551 233
727 1739
628 263
1561 213
225 158
1811 139
2371 1968
1770 1359
2582 632
352 2351
650 1871
290 1652
1392 1684
1223 398
1707 95
172 430
2084 2589
1714 1295
1948 233
890 771
1495 2597
2137 187
602 1559
2238 614
2245 2171
2675 2579
2608 1130
1025 2259
1788 216
2613 207
844 270
475 177
1702 1852
156 1108
66 1621
1699 2418
1211 180
695 523
2571 129
920 1558
2348 1496
1274 285
1236 1509
32 112
1132 2222
107 1420
1332 1161
1828 2617
2071 2213
1352 2021
2696 1632
2129 1481
2618 316
849 1766
271 1956
1998 821
2197 228
904 1391
972 111
1160 1510
2311 294
852 762
2671 2559
516 1988
1576 1885
2200 283
187 608
1559 1715
1170 2638
1593 391
221 495
935 2096
133 2373
194 1809
1034 2293
2222 1174
59 2129
1617 2630
2619 428
1248 1
1238 2525
2593 476
2553 448
1011 326
1474 421
229 740
1552 243
2612 1489
2476 607
2638 1329
2311 504
1019 857
197 349
1669 1527
11 2234
642 847
626 2308
2562 2392
1671 141
364 2031
265 804
386 1760
2534 1944
2438 171
2505 736
2301 985
1044 2650
732 1783
1249 2475
2330 1064
2398 539
1353 366
1725 305
454 1027
1765 574
497 1303
225 2551
1089 2348
2352 313
2169 636
2027 783
1665 1564
2561 1972
2195 391
1394 1025
2565 2460
2512 1201
974 905
2312 2396
805 775
403 459
1206 2599
2268 2402
538 1889
1869 890
1992 114
2361 2209
2009 312
1684 1512
1732 1359
1734 211
1344 1236
699 2543
829 2634
429 908
2273 2517
689 1501
326 2582
1485 849
934 2487
535 210
1221 401
1916 1142
943 441
896 1676
939 24
855 1620
1360 221
963 1344
621 1648
2384 532
1686 1417
1276 1215
2364 680
377 2228
1891 1947
2021 1989
331 1531
2334 1145
1978 746
2055 23
2309 35
731 858
664 968
488 2450
905 2366
727 2512
234 262
1152 250
1224 227
1319 918
949 2110
1870 736
2233 1314
1420 2568
41 1004
2175 2532
1496 1875
1956 2554
1392 1219
1730 1341
1892 2629
2449 71
205 1128
722 598
1338 2157
183 826
1681 2309
1866 2538
1187 432
172 821
1488 2068
1056 335
619 2438
1131 2508
391 1808
2230 571
2516 1212
965 1630
1800 1620
2266 1916
1488 894
2275 1823
460 2162
1905 200
186 1234
380 965
780 335
310 1305
2022 713
491 2183
1288 1951
1470 1330
2134 1953
2203 467
1670 564
2028 259
1061 1828
414 2371
2302 984
196 2326
1539 2412
765 396
1869 1396
2488 312
1760 836
2341 2039
2401 747
1181 1610
1104 2531
2646 782
183 856
2165 1755
2454 1184
369 2410
2246 1891
1387 2185
93 87
2543 471
2522 2279
1413 297
2598 1873
2416 992
393 2565
978 782
585 2284
532 689
2148 201
1630 831
1477 1437
463 2250
1795 1902
2499 1725
963 1951
877 714
1468 2192
1947 1226
200 1389
624 247
2360 1397
1199 1580
2112 612
1244 2031
1573 2527
2503 2574
144 2665
1104 869
82 297
1129 177
1103 1335
2506 226
2623 941
1777 1908
2113 2434
223 708
2139 1418
1596 2409
649 485
291 2540
69 832
449 774
94 1673
536 678
1737 4
1535 119
1387 1297
2353 1650
675 1578
1078 685
751 922
191 1962
171 2173
490 585
762 1963
559 53
1654 296
1668 2521
2510 2655
915 2033
1623 1840
1155 806
2204 220
2606 1431
1998 698
329 308
2123 1157
2067 262
109 2654
2248 2384
2326 832
1495 1105
2342 1557
1327 2384
1142 374
724 2431
535 2685
1860 1160
2340 20
2524 2179
1126 566
2578 2541
478 758
782 2573
946 1162
2514 951
2460 2354
2202 607
2285 2107
1774 2057
276 2269
1557 1395
754 2581
171 602
1579 1589
552 617
846 73
289 1459
2100 2168
972 1292
59 2383
2653 2689
2057 1355
613 2140
37 788
2375 1474
1043 1282
2148 2519
1098 2429
2232 707
1809 1803
1925 2298
1192 1064
611 1642
2322 1237
879 260
1568 2152
801 270
1387 2440
787 2411
1275 1602
1319 1589
2028 2687
2271 1266
1158 1312
2619 194
767 1020
103 1766
1332 1655
833 749
906 1977
1845 2492
2358 1213
161 2112
1841 932
1070 585
1112 1264
320 2297
345 572
618 2411
2637 469
3 2402
726 1384
161 1595
1647 1257
1069 978
2689 1471
1950 1299
764 1519
1987 826
1820 1429
2580 1715
2497 1423
1270 1818
1660 277
2291 184
1624 1766
330 867
2023 1872
448 1996
2525 1616
1261 1198
2358 1814
336 692
1754 1567
342 235
1033 2146
2339 985
1722 1034
180 2334
2143 1451
1409 688
2168 830
1714 1200
358 841
1126 273
1167 49
1297 558
1562 2453
1479 2593
2386 781
669 2238
2298 1588
1098 1096
554 163
930 2566
1887 162
2357 1697
2373 180
526 1944
825 1535
62 2259
2611 60
1320 351
248 166
2450 1011
2183 120
966 322
1386 2679
113 1431
526 2040
1901 1827
592 2417
2493 234
1015 2615
2050 478
1871 276
747 2500
280 2580
1074 1414
383 273
2301 2330
609 2605
252 1431
2391 1390
1800 1456
1413 2237
1810 1446
918 972
1148 574
2055 2621
1795 1179
200 1689
427 386
2040 1845
2159 2099
186 492
431 1638
274 307
1479 274
1485 759
156 1996
2490 167
2248 330
1712 2345
2115 504
2073 2663
1832 784
1040 2180
2377 557
2283 1951
2068 117
2366 1528
168 1310
1581 313
437 1282
2443 2517
2413 1972
1877 826
2703 1920
1552 1209
2509 268
1317 86
832 2569
239 1641
2431 587
1439 1014
1480 222
2269 335
150 2282
2313 11
194 1725
1231 1091
1428 268
2365 2502
1255 194
2646 87
2594 1038
2634 2268
2028 1464
888 2516
591 2009
361 19
469 2279
10 2561
2476 646
2297 881
1590 364
687 2689
1407 1560
393 239
418 419
657 683
796 1191
2336 1666
2207 338
225 155
1668 2589
1739 1980
2157 215
493 2066
1511 1072
459 2104
1335 974
1720 675
2108 1129
1733 1798
2487 1813
1884 1490
385 1199
2672 946
750 1454
234 1229
2670 2329
1731 296
1471 2570
1188 923
1221 1939
2637 1500
1431 1117
944 1970
1144 665
817 951
2451 1004
509 246
639 519
2284 413
254 1925
1110 1151
840 379
783 1805
889 1901
2555 2105
1652 576
648 1102
878 1993
1585 458
1831 2461
1147 1881
1912 1160
927 257
293 1961
1033 1047
1571 1901
1652 2536
1221 2333
1029 2335
967 1404
2284 2307
2030 168
1943 1821
2621 2625
631 920
395 458
54 2459
2680 125
2322 1358
1070 1570
1721 1278
2500 1402
2582 1743
2106 513
1138 1366
1999 156
253 1237
1876 2001
286 1385
33 325
1284 1727
1045 2463
1630 1301
650 128
1240 285
2516 313
2444 2203
244 1741
515 2396
1742 582
2661 2157
296 386
2206 1089
2344 2093
272 1435
2112 694
1309 442
1129 1008
2536 1921
2142 220
2216 2370
1183 321
64 2254
813 2000
233 2288
640 643
915 1195
1369 390
812 2314
310 43
914 696
1827 258
1287 1858
1410 2057
792 1438
427 1161
1326 2263
639 2570
2422 1780
1885 555
1805 2684
138 831
4 1765
2539 2230
44 1119
2272 1711
1911 2538
733 844
2526 1852
1214 428
1877 1673
1228 1739
2447 704
860 368
2166 1614
1609 862
914 2196
2559 536
1234 1794
1149 1492
1628 83
2580 2608
1705 1215
396 62
1052 2224
425 1515
1344 302
2282 2422
2227 1598
37 2120
366 151
2059 1440
659 2078
1378 521
443 2136
288 1244
2216 2295
304 352
1953 743
2211 1147
2269 1315
874 518
1013 1197
2633 1849
776 1215
810 2364
899 2467
435 1209
2217 1149
2414 45
2648 2208
2213 466
125 520
663 1189
2623 8
97 1073
1771 299
2504 1337
2422 1037
2453 557
1389 1505
1051 1329
1389 2706
2264 1954
619 2125
618 362
1857 2364
1489 1368
2202 128
1602 127
1181 2127
578 179
401 805
451 851
994 911
211 1535
1179 1445
1061 1698
2370 843
595 2095
1206 2282
2561 2409
1313 1737
1472 1718
1796 935
2603 1952
2397 2338
1428 2652
1497 118
346 2562
887 2429
2637 1230
236 342
58 149
460 1971
290 528
472 295
2026 1213
44 280
2109 904
910 1897
1308 2017
1509 115
1361 146
1964 1296
2468 451
2473 307
1944 430
2221 1286
2675 1565
2076 2207
66 2426
2259 1890
1548 2400
2189 1234
1952 1953
1487 823
566 605
2518 1275
872 2425
2160 443
2555 334
636 141
1836 683
2632 664
2098 438
990 2583
792 501
1834 2170
1154 1808
2126 1038
2364 1531
1844 1687
1653 2484
1498 2597
1417 687
2586 2339
99 1964
896 1184
1221 1588
1685 57
1241 1271
1286 626
602 1676
213 2602
530 1483
126 212
1131 2020
1024 335
2380 1494
698 1061
2445 155
1191 405
2704 1040
2284 805
1018 1654
1053 279
1285 1583
597 394
7 344
920 981
339 2385
701 2224
884 2036
2373 179
2104 237
2625 523
1661 2066
1669 244
1950 1458
1968 933
486 2421
360 2522
22 1913
271 889
2068 2014
2185 1299
1853 925
1758 1007
2183 1845
1605 1889
2255 1916
597 2162
2365 210
512 2227
2318 2175
1464 941
1248 1635
948 501
601 2203
1540 1228
1876 1926
1820 1662
2520 176
358 1362
894 366
2345 2047
2311 2493
1587 1048
1729 1482
425 208
191 2073
875 873
1201 320
1998 1394
1897 2328
789 1273
73 996
852 1127
1867 1379
1304 1065
1815 441
0 1706
2598 29
2077 2204
1410 1426
1068 983
1516 649
1579 1021
752 183
554 1108
1566 101
1237 1634
77 1642
130 1924
920 991
1331 132
2396 720
604 2411
703 1459
1253 1645
1477 2261
659 213
2350 1782
106 1603
2061 598
1383 731
1029 57
776 739
2386 1597
822 1049
539 1700
1797 2001
2681 886
2282 1740
2513 132
2670 505
2298 802
2478 1765
1777 783
1429 2279
1712 2574
1238 826
1038 1929
1510 1565
1099 2079
636 333
1348 2547
2430 1069
547 1430
1148 2087
2210 2489
1457 746
1138 1838
831 378
203 2366
2597 340
1661 2519
1498 950
1467 3
2443 1859
2350 2641
210 1494
565 2586
850 2015
2458 2444
1920 2652
1180 1702
2338 1251
190 2266
563 1641
2524 975
20 1211
2321 1973
882 237
2315 1227
42 557
2527 1026
1349 2352
646 1556
2018 273
880 566
1813 992
1038 536
2403 2513
117 2018
876 838
10 917
2412 1647
2556 1661
356 2586
1143 1109
761 521
921 1982
978 2459
494 1467
450 388
1936 2144
2512 2390
839 308
1571 1340
629 2066
1642 1351
518 1784
349 750
2284 6
696 1619
896 2485
1834 1251
603 1977
1936 1662
1138 2199
422 792
2372 1693
1772 151
1084 2407
1939 1031
385 420
307 2598
2063 2669
859 90
262 1923
2449 2120
1352 1834
671 699
1138 1012
2477 1244
780 1645
1563 2491
349 675
1128 137
1079 1392
2191 1175
636 2577
175 1450
1285 907
2473 1832
2231 1840
1036 460
697 262
1099 1676
1977 857
2422 681
94 1192
480 1263
787 2209
2286 12
940 1792
627 158
338 1092
1709 901
2100 1939
2261 1169
1833 956
2254 182
177 2403
2136 863
1678 2264
1979 1297
2472 2202
2491 2093
1830 434
622 2153
1389 1847
2211 2031
2345 1293
2036 2574
73 2245
1601 1803
390 179
1493 2544
1972 1559
1028 1300
1724 2545
2051 1460
128 2479
336 295
758 2311
1305 2214
931 976
2035 608
854 2103
1452 38
1041 2058
1539 1259
2315 209
2599 1876
581 2432
2391 1993
380 1823
458 2292
282 902
809 1259
2466 791
1196 2028
414 569
540 861
1158 1948
2061 827
331 1006
785 1094
1344 2469
677 1469
2275 1669
478 64
527 2011
1823 2285
2580 2060
362 1616
2539 963
619 1984
1507 216
1990 646
1389 1691
1359 376
2705 520
1276 2030
2284 649
1943 2341
2530 1316
717 687
2333 1760
1686 2407
2181 1053
962 1592
1230 2144
2491 240
2312 2289
2688 249
2094 1856
1765 829
700 1673
334 512
1825 58
1800 524
760 940
2403 37
63 2226
1942 2093
1901 1237
1243 645
822 2089
2471 2330
254 906
2356 1861
1125 2582
938 2296
2636 1380
1308 1106
1716 2018
1898 642
1004 1359
449 527
1811 1723
1455 2398
449 777
1710 1473
62 1373
798 636
861 1259
632 1341
1551 2679
1842 1329
1484 986
2482 1723
974 1773
1389 1138
2123 2328
2695 2444
914 913
1171 119
1681 667
2481 2446
1185 696
2102 118
2104 1053
123 455
666 129
465 641
1674 2139
979 1549
2275 2385
2187 2596
531 1044
583 436
1091 487
1558 1358
534 1598
2611 8
1500 354
2464 2130
1535 2076
1885 1265
1035 1753
1078 478
2427 1977
1865 2194
620 1773
1400 1031
1681 916
2625 1432
66 502
652 356
2652 448
1658 1927
1041 533
346 392
2043 2110
1988 910
62 156
119 822
2224 318
311 159
1278 674
352 1656
2602 716
1508 1354
149 209
318 1046
563 1633
1329 963
2666 977
787 2408
2592 507
676 236
1041 1347
1813 693
2621 2095
66 1932
1279 1613
88 1211
1590 902
1709 2646
1504 1018
853 2155
1043 2458
640 2070
648 2022
1858 2028
2389 1733
1985 170
574 8
2071 2346
346 1941
1652 305
2096 1886
563 1569
2438 774
289 677
1280 256
2197 1360
2077 1625
1142 1307
2021 2017
1207 148
1741 518
800 2326
1114 214
108 1232
950 1037
1816 912
60 2351
776 158
1708 2237
1179 857
941 673
1358 105
1343 1317
542 2413
1684 916
1016 128
728 605
1258 1332
137 821
1580 2219
1444 1922
635 1725
138 2452
1276 1342
865 2707
1611 1950
48 2265
135 564
2287 56
1083 205
1629 313
2489 618
1164 400
658 3
2449 312
1977 798
2046 413
1445 589
1516 1213
962 2651
623 1945
974 1651
2396 2165
1371 1387
339 1658
1143 2576
127 480
2334 2145
539 380
706 1350
1041 2637
2251 894
165 178
2636 2298
329 1511
2455 1563
2368 1682
2414 628
55 835
2115 2225
675 1234
1642 789
1671 2580
2394 1650
1039 244
341 663
1537 2226
2528 166
159 2439
2562 129
939 1397
427 1069
988 1925
271 1219
1232 1828
657 2622
1333 1586
133 794
1445 2199
404 173
2689 2190
1251 150
2117 1718
1597 1579
1059 14
1561 1987
153 393
1678 313
1852 2504
2409 901
177 182
1494 1441
1282 1807
2058 498
958 332
1514 54
1018 1483
1844 990
99 545
2167 1519
2416 2408
82 1944
575 1859
1149 1359
1938 1986
1886 823
1394 1404
245 1115
259 1033
1816 52
98 635
67 2331
1029 2189
2245 2451
1019 1107
967 436
893 1153
1243 1772
2227 1809
826 1725
1294 2474
2468 837
2009 846
1343 1968
1624 1056
2538 1946
635 1717
835 628
2556 1508
2549 1105
707 1819
2416 951
2186 1835
396 1017
1150 429
866 537
1385 1297
874 535
2085 1970
177 2330
1363 375
2446 587
2279 29
983 860
2270 1068
44 446
1288 2657
1251 1896
821 599
1960 2062
1369 529
2595 680
1796 1564
462 1047
2032 919
1774 1804
109 1505
1512 1209
2557 1191
2393 1372
419 2306
765 2200
2248 1826
2333 2467
203 1003
548 223
1560 2008
1526 2222
1902 589
1040 1350
2596 970
1764 1414
2671 2488
1770 2109
1343 1007
839 742
1528 1718
2596 1176
696 1158
2064 589
1278 811
1703 28
1920 2161
1610 325
785 2356
1128 958
454 2149
641 141
776 1476
2466 1547
114 2243
415 140
1691 766
2506 1787
335 1385
2282 1472
17 41
46 1364
94 1753
73 607
2540 906
1929 1727
33 2641
960 2326
1436 2139
245 2579
152 839
45 1382
231 553
1422 2308
342 770
768 405
972 1499
1029 2456
1487 793
2661 2286
2622 2248
703 1129
1267 1508
647 1264
214 1352
804 2607
964 2388
1530 417
1887 2082
2254 1185
1438 1442
2127 1348
122 595
1247 724
1893 1283
1545 2482
915 1044
1166 1247
2400 2188
2239 255
706 1398
488 2227
2025 40
2233 726
1100 1144
563 948
1676 259
78 1210
359 1115
2254 1246
2506 988
474 959
1186 2112
315 965
900 2567
527 658
2292 913
2137 1002
2662 1346
1578 626
672 2296
2642 867
1233 1293
1220 1873
1047 1975
248 845
549 326
642 1001
340 583
1921 172
1438 2671
1110 2024
548 2607
1422 532
1868 2232
2060 801
1026 1984
2657 2211
2037 212
1939 307
73 2164
1308 2210
1441 961
229 2042
2260 310
1486 2604
1677 1885
2051 1664
1766 755
790 734
1750 1448
198 862
127 97
399 236
1253 1808
1126 67
1819 2581
950 636
1738 2161
695 1581
860 2284
1737 1079
1859 1981
2628 49
1975 745
2643 1180
2388 743
2475 1843
408 2078
407 2304
2579 2263
1918 104
2580 2033
1884 187
1508 134
2605 248
383 446
1772 499
1411 6
2680 1827
1169 1955
1408 1819
1143 743
1694 1463
1237 1295
693 2432
1949 1588
897 2524
763 2340
1067 2242
1678 1262
514 2632
275 1590
740 142
916 2385
66 2346
1303 535
1691 2146
1378 184
2455 1283
160 2678
249 699
34 2471
2556 1199
913 1485
698 471
64 1479
574 2135
2594 1166
1888 2327
944 109
573 1104
1959 1530
1642 703
1310 1548
454 532
1121 258
2364 1387
690 302
1447 1693
779 1595
2602 2567
503 57
253 903
227 197
1819 514
1128 1186
1094 2465
445 2373
690 183
1096 2116
1789 564
1061 792
1795 1812
2538 1943
347 2575
2462 2284
1522 2590
2567 1310
2689 99
879 1762
2696 899
708 2021
1065 1026
160 314
1842 1599
163 74
1575 708
2399 1865
1489 2397
1665 1951
589 484
1632 2619
199 2481
1793 2555
2276 1947
1819 194
2357 2677
735 229
2216 1989
312 1641
1433 335
271 1587
1113 1269
252 2493
198 1838
1036 2561
213 1060
482 839
2340 1088
2412 59
2440 1385
2690 1475
808 46
163 784
449 2652
2093 2054
297 290
423 1740
930 2666
1741 625
393 2021
835 442
990 107
33 692
786 1939
1916 1698
2521 2220
2440 994
710 1642
462 2363
1363 1416
354 61
1457 1215
610 1725
1510 2159
2041 1438
2487 2503
621 1740
1957 1611
1146 1371
1380 104
2255 1910
595 1218
2111 2227
2033 1143
199 1159
156 2013
1231 1630
27 512
468 597
1654 1004
1291 2405
2074 1982
1341 406
381 217
2492 2307
899 2683
387 2348
305 94
1475 1709
383 1750
1775 834
1629 432
2660 2466
2144 1136
1452 427
434 987
1528 133
179 1624
2442 2340
1578 2315
208 2627
218 661
1272 594
2546 1040
1322 2321
2514 31
2176 1291
1251 859
875 2203
2114 1126
197 1596
255 1398
1166 153
1035 1387
86 1005
1701 1058
649 891
460 2484
2484 1507
1675 786
1382 1672
1145 755
1431 1991
2292 1674
1906 2223
2359 997
1375 1651
290 572
1792 1407
2511 699
2081 110
1987 2324
2002 1501
621 1498
1738 960
2337 2349
2107 238
1532 179
1954 220
889 1493
2061 1309
1125 675
1562 1537
201 1241
2574 1604
1436 1309
2382 272
773 2565
1629 1416
1828 546
2298 1004
583 1665
1952 2172
1052 1806
2608 1173
366 504
1075 351
1399 512
393 2061
823 1322
2346 2500
358 746
596 386
1026 60
1730 2396
922 736
471 1102
2401 2072
18 747
299 2583
1068 144
2494 1930
1595 497
2010 993
1682 827
47 1996
2603 818
597 562
2242 1650
2479 1035
802 1450
1229 42
1150 1652
1135 279
597 897
1588 1438
2352 2646
482 457
91 1903
1254 470
168 1636
272 1378
943 1877
2454 1697
1250 2542
1627 380
1032 293
866 2206
2510 2269
714 1877
1171 595
2270 464
166 96
2451 2679
810 1756
2505 2294
823 1928
2440 215
1472 1497
1854 1204
2521 303
837 1933
2488 140
336 1273
445 753
1498 697
2532 1657
2674 820
1952 684
1261 2088
204 1744
1741 223
1615 2502
352 1813
1793 680
982 1587
1040 1185
247 703
1819 1027
945 597
1503 962
778 2296
102 508
1793 1527
693 873
1291 1971
1608 832
2635 321
108 590
536 489
224 888
2429 2070
1146 193
380 2173
477 2649
1353 1718
97 159
1612 2591
610 955
1267 1130
2668 1918
2271 1678
2116 1912
953 2320
1014 2077
403 1304
2250 953
1240 1098
2054 783
2051 1285
864 2703
1863 2318
1366 1943
1240 2072
975 157
1438 2648
1348 2064
1778 2697
1767 1053
2011 1943
1420 2348
179 470
592 223
217 967
1337 2193
1488 734
1454 360
12 2270
2263 2027
165 885
377 1984
2105 1728
108 2507
1063 2642
220 38
992 1202
1279 855
2392 2135
1324 2039
2177 1887
895 2085
767 2299
2588 1541
2606 994
2396 1280
1858 1478
676 425
672 2573
2601 1312
845 1869
2490 2452
1193 1710
1528 246
2661 8
49 2630
1765 674
1388 2082
92 756
167 264
1617 2071
2543 2642
1283 1876
1166 606
2240 249
345 863
995 1941
1644 800
2079 2398
2167 449
892 1193
2631 1115
1289 448
1468 2014
242 335
1108 2206
2645 814
2370 130
2205 85
2352 258
1942 1174
858 1563
2552 1228
1647 1398
1065 887
2113 307
1795 279
1904 2150
2063 1138
1091 1615
636 2015
2049 1559
907 1857
25 814
588 2630
2481 2312
186 1958
271 1383
939 808
2122 2449
363 2238
1846 2330
336 1315
1514 1994
2324 204
436 88
1910 2
2304 264
1212 2276
965 1173
1202 587
877 1163
1983 472
1208 1376
2687 2671
867 2124
1216 1689
997 1683
1542 38
8 371
1852 1012
1733 2514
703 2192
313 1086
571 2446
1102 888
3 1713
1663 2666
783 5
231 1752
1471 4
956 2389
1546 750
327 1976
591 2495
149 564
503 2698
1225 2384
1753 2613
1472 681
634 1399
1654 41
1714 82
354 334
1540 1589
2402 90
2602 60
1137 1147
1481 981
560 1837
559 301
1482 2154
846 434
132 2605
1309 1597
1384 610
2207 867
392 1356
2522 2191
1219 2126
2570 83
68 386
506 1867
964 1652
1902 566
1206 477
2056 2544
1650 133
1266 2266
871 1291
2617 1852
2093 1855
2675 282
2625 1820
648 2435
1601 1549
1524 2356
1908 2370
956 2515
1825 475
1788 1831
1272 1000
892 2370
84 2275
1225 688
494 1353
2488 2654
2547 2011
2315 2216
2644 906
169 1586
1576 128
1846 1632
582 1314
154 327
947 2332
1160 2601
1402 2058
507 28
1096 1723
1811 1698
1660 823
2574 1431
1293 1550
2377 391
497 1081
2359 2284
2490 1614
2523 98
1991 753
2675 1718
175 2603
1251 942
2283 1390
1947 2344
1094 1551
1845 259
1491 2016
1295 99
947 732
449 682
2198 1509
1201 2158
2607 2339
2008 1687
1939 117
1600 1614
240 514
2707 672
1788 1285
604 2698
1027 1013
2659 2113
1941 1867
216 1828
1857 2060
1390 2018
29 1198
627 870
640 1759
2531 502
2701 2035
1156 2082
115 1887
2479 453
1289 180
1486 1024
827 717
2701 203
2310 502
649 416
2453 1697
719 606
2529 2227
238 234
1916 229
1523 2459
1563 2423
50 33
1739 1110
1021 522
1948 860
296 562
620 770
582 2284
486 2027
2365 2408
1966 1731
1082 1495
1489 1112
2255 2416
2103 1908
2085 1429
1981 2305
1064 315
278 1108
572 1946
1941 2656
2103 2492
2041 1642
2603 1493
1653 1305
1206 710
2664 710
631 1837
49 363
884 313
1571 1750
1000 1598
324 2476
1188 2030
1760 144
2114 1593
1603 539
665 2278
2398 1497
2533 983
2382 1172
1141 138
2471 1070
295 505
244 1492
2199 634
1806 416
1682 1294
1231 784
1490 390
2617 1106
1167 2415
2585 2702
125 1206
2647 825
1735 2007
985 240
641 2515
1214 1171
1108 87
587 1998
1691 656
2090 2226
1838 1998
1522 2517
694 2404
2420 1902
2689 2694
93 546
1094 2575
1076 1512
1445 1818
2256 88
1571 554
2083 1429
1919 2355
2545 1901
1472 1361
1241 31
46 891
882 1624
282 92
2266 409
377 1428
744 1770
2476 1566
1755 2205
826 1745
340 2305
1138 1749
23 2077
2177 1338
1686 1084
2581 335
2001 1950
2640 1763
958 587
1508 658
1634 731
889 1489
1810 2275
1540 2431
2466 261
933 1826
2490 2265
1438 2437
1013 2360
426 966
1154 1357
2092 806
1160 1165
55 1436
1523 862
1673 2445
524 2534
431 1504
1875 833
1583 2335
1025 1629
1712 877
332 757
1212 2229
2339 820
1290 721
117 2265
2615 2198
2013 1977
1414 399
551 580
821 1201
1491 562
1051 654
218 1607
1970 2341
1175 1170
129 2143
326 1921
2139 956
2581 1270
1444 2103
2630 138
1223 205
744 2421
1189 2425
1338 734
410 2475
2524 507
1722 295
2429 53
147 1962
622 1449
779 2339
2243 1933
2261 2418
2656 505
2455 809
1296 2608
798 749
1803 2227
697 812
1692 1596
864 254
1737 1910
628 485
2502 920
2258 1270
100 892
962 1508
2433 2541
1164 1555
393 1724
1125 2453
2397 1673
2406 938
320 1767
1365 91
1238 37
1673 1904
2703 1435
608 30
445 2303
1637 2559
305 1438
2587 345
1853 1060
1485 1203
1763 2081
2649 681
102 531
1934 1284
2702 2589
216 1705
1443 1111
2470 74
2131 2294
1403 2371
1699 867
116 672
2619 1650
1353 2219
2051 221
484 2368
1407 1372
1855 2615
1768 157
114 1948
493 1670
1514 1411
1907 1902
991 1416
2020 1086
2541 2077
2174 969
487 2235
2478 345
614 608
597 719
1226 2647
740 2036
1915 390
1069 2258
1064 1598
273 176
1116 1977
1379 2582
1427 1356
2072 2580
2673 1164
1611 2115
2412 1110
2200 1839
1270 1096
1311 439
2057 1637
881 1490
1657 1626
1033 1451
1185 653
206 366
1968 2266
2642 773
1275 2462
1964 738
788 855
2045 171
673 1578
1289 365
2277 1315
2548 1847
504 2615
987 941
1915 2433
179 1857
1647 612
1714 804
1301 2386
2442 345
2158 1426
1719 1913
1024 1106
947 2452
992 636
1012 1383
1474 1850
2001 386
216 191
449 166
2653 1529
1062 1238
1693 300
2477 644
78 113
900 1985
544 2546
555 2286
301 454
398 581
2190 3
644 911
2438 733
1598 291
874 1171
1854 765
2423 2353
2089 2099
932 1723
2554 435
1285 1017
2165 106
938 1296
2322 2528
223 1311
2364 2060
2243 2513
866 540
1629 1587
1462 1730
289 614
1190 637
399 2589
1710 2337
1274 536
1332 561
390 2100
1823 1918
225 1073
867 1732
304 642
2433 607
1304 580
1831 1518
1694 2617
450 253
1968 1090
2203 856
1726 2460
2061 308
925 2431
1041 852
383 1714
289 1759
884 2563
1624 359
1785 485
493 2512
1917 2427
115 2440
1971 1331
1955 1845
1206 58
2545 29
186 954
2491 797
364 2595
1760 1152
2151 2110
1731 2275
653 1077
1922 118
1503 2315
578 2290
356 2666
2334 2294
2436 2137
1353 1413
212 1754
1544 2218
597 2701
1641 1324
521 2137
1551 240
731 763
605 480
794 306
1200 603
136 2047
2621 878
396 409
773 2136
2262 13
658 2371
865 630
2422 1460
192 878
2447 602
1607 1544
459 1535
1609 351
1625 53
335 642
2499 1710
720 964
1486 1018
274 2352
1810 1061
2101 1478
2664 1267
1828 1968
991 1849
1185 1239
1052 395
327 2452
628 2467
2525 419
788 2694
1604 806
1702 2022
1329 22
1439 2483
36 2075
1061 356
453 509
2069 1130
329 2284
1616 1944
5 1131
202 1043
1493 2348
927 1641
1751 1549
267 2050
1319 1069
2295 1117
784 1259
1001 1048
280 1898
931 791
1446 406
358 1
1639 402
1545 2298
1299 796
424 2689
2545 2625
2416 992
2542 1441
903 2629
2374 2373
2591 363
843 1847
2131 182
1225 889
445 2236
1511 639
646 2414
1460 1155
2320 352
589 2629
2386 1430
1196 2088
210 1199
2078 1574
2647 1984
524 1072
1764 1799
1557 1819
104 1456
2479 1442
460 2343
389 1714
1350 2154
1885 2124
1155 40
710 2330
1746 746
2067 2566
1350 1301
1225 510
1852 1293
2639 309
233 159
861 876
2267 508
2186 1804
1929 1450
416 547
1593 220
1096 2688
1549 1925
1316 4
206 1199
1915 720
987 2197
554 83
1709 1466
157 2437
609 591
96 2624
452 2016
1745 405
2221 2498
1909 646
1351 112
2404 1585
1206 2493
1782 135
2051 1509
842 2627
1495 2199
2601 2362
1359 2212
2201 2186
2425 74
533 1795
945 2386
1717 1716
915 363
1723 1770
2381 613
1613 1548
229 1215
505 1155
1641 614
509 1412
2145 2358
564 602
1905 2150
343 947
1824 2183
2480 1532
53 1748
2147 40
1820 1143
2645 1366
1223 2497
2541 768
2673 2500
938 1355
1159 2232
2106 2611
2560 1031
1004 765
869 1948
1465 1211
877 2520
1280 2705
524 1356
380 500
2173 2435
813 409
1255 824
2409 999
224 2680
2156 271
2122 2158
2569 327
2316 1907
687 1640
618 1158
294 1890
210 283
665 2651
2250 1044
2244 2602
1843 2142
1304 31
1837 433
178 2008
170 1654
1872 798
2029 82
2616 231
1440 250
1587 783
2480 218
790 2485
116 374
1 1284
244 1144
1997 1586
1544 1726
981 1869
519 2100
2685 1429
1564 1853
802 983
489 1240
1008 509
915 215
746 596
1301 1456
1453 1865
1103 1441
1541 1013
1740 1593
2171 783
2177 668
2657 1629
1703 2469
1415 1194
1813 2081
835 2004
1746 2477
1545 779
1040 210
1404 1488
42 1686
1663 1019
103 2509
1064 2392
1073 1398
638 1078
1347 2649
1187 708
2180 512
428 2008
296 2323
1372 1141
1487 376
2400 1121
1897 45
1361 288
1686 910
2391 252
2602 2375
1756 1142
2170 38
1169 1162
1440 1852
1705 184
1902 695
604 924
1290 1623
2213 238
925 2362
283 2458
2202 2475
456 1970
523 2074
1925 2622
1933 1182
1144 2076
1918 969
2176 165
1236 840
574 2544
391 1871
650 212
1673 2039
1237 1603
235 2399
359 1366
564 1431
1112 2581
359 1897
60 388
2057 733
161 1285
1458 1210
2445 148
679 1135
261 639
26 1744
1308 2037
34 1701
1398 133
306 349
716 2438
313 527
1233 2427
27 2664
2215 322
2311 2161
797 533
704 1688
1489 2555
190 2284
325 14
1953 1988
737 65
475 49
1051 1738
408 1426
998 2122
462 184
1134 239
498 1386
2524 100
945 2357
815 532
2607 925
1453 1082
2198 1981
648 1934
2176 1614
1854 2304
492 1700
863 2001
1629 1808
1719 2440
1417 635
949 524
1738 679
1059 2421
2059 2313
684 2694
65 1249
100 1695
1748 2624
2388 676
1206 162
1056 1595
187 214
283 994
2528 2280
1277 1888
620 2484
2488 2154
2284 1685
2180 1908
1561 2205
1915 104
2633 2641
215 2346
948 469
981 2269
1847 1534
2270 2505
285 1362
1092 453
521 2388
1118 1419
1435 1407
443 1708
2177 165
1924 2254
2216 1007
1497 2296
844 1403
663 2284
1584 685
1069 318
1622 2219
2052 1500
2303 806
1120 2690
147 644
466 2064
1346 1724
772 690
295 2162
1766 2345
1575 2320
2448 1140
1517 65
509 542
477 666
1715 1659
1210 377
2368 1662
1685 1918
2372 2405
2611 1628
1320 1275
430 40
898 2141
1027 1609
1733 2121
80 799
378 1355
2403 2628
1410 1215
497 2594
1359 1938
1927 2510
2686 39
2605 902
1267 338
2378 871
2012 1155
544 602
1681 243
1210 928
1641 2081
2346 1130
2220 2479
2618 443
1228 1887
1919 1401
1285 2658
1392 1651
2006 171
614 844
415 2135
2554 521
2077 2498
850 677
17 594
2052 314
1118 1751
412 436
483 2163
1202 964
1723 2382
2144 1484
2239 263
2617 1353
2391 515
1286 453
1309 2284
2418 2369
2271 2338
123 531
356 1140
419 193
1132 391
127 1384
1415 2232
1690 1102
2643 2523
66 2622
1316 638
2690 2375
28 1314
2268 588
836 1570
2644 1151
1374 249
1600 979
652 2066
153 4
414 151
2071 1495
723 2096
989 1993
1152 2210
2671 782
1753 2315
2441 127
2538 2660
217 2369
2628 140
1991 1820
896 934
447 954
1289 1537
1904 2414
1522 2099
999 2070
604 687
1468 656
187 2237
448 964
2341 2030
244 1291
876 2481
1564 2232
774 2534
1371 730
874 811
1841 483
1876 966
1557 893
2222 801
2458 1491
2248 1803
1057 2205
1600 389
837 948
1979 1010
1913 1567
1543 1556
13 1188
251 1811
2143 2334
1230 196
1225 284
2278 1241
1779 961
1822 1063
901 2357
2111 326
477 655
1037 1006
1758 451
2206 1008
1544 1579
1589 708
178 1662
1877 1356
1053 1965
86 1398
54 2707
495 1672
2597 2472
1260 1614
2307 1093
1209 1907
1139 103
1174 2009
971 762
148 1891
1933 2621
1165 1052
337 1905
422 1922
145 2648
2651 982
1992 983
667 1282
1262 2106
1970 2286
2703 293
1693 2336
202 1701
2058 1566
1696 666
1481 1540
2219 892
2207 1334
2125 2666
1802 124
2157 819
2378 313
76 1451
452 2686
1127 1694
436 1540
2614 1394
2085 637
524 1940
153 1655
1811 2669
2113 2359
1271 2104
1985 484
105 421
2483 1990
259 1862
2289 2152
1068 2350
996 1171
1294 2521
1565 1931
2555 137
577 436
1214 454
2042 1629
941 1576
1384 797
1825 2574
1204 697
1052 83
2108 2183
2507 1204
2585 2067
1674 509
1031 1535
1934 854
251 2696
1473 242
1562 35
1931 528
476 223
2677 1990
792 1676
346 980
763 153
993 1239
2261 2260
664 101
1539 2133
1604 177
960 1369
328 2093
556 2047
1060 2013
1313 2457
1519 546
954 2292
793 2484
1855 2463
2061 1785
1018 970
408 1696
572 2231
1210 2628
124 1028
985 2667
1023 257
2284 35
353 2580
1032 1936
1336 229
1542 367
2146 2211
1926 2349
1119 1665
1963 2181
2143 75
2707 2435
2272 771
1191 164
1521 2012
711 562
2162 1045
1728 142
49 285
619 555
1604 603
458 1
2510 1871
635 989
373 2204
1344 2266
1617 2375
991 978
514 2029
1055 2152
2495 2300
1389 88
2067 2472
1366 1396
1855 1644
1056 1157
2437 1905
261 2287
1744 30
511 1047
133 2024
2044 2602
1517 134
2352 554
2379 717
2668 2590
775 1199
1400 1720
391 1090
1201 2033
2599 1744
2524 1513
1338 2613
1718 2323
1555 1401
2424 1515
1781 2624
205 2228
2018 186
879 127
615 2675
189 1688
44 791
2706 2447
1134 631
1670 599
1160 611
2605 1655
860 637
1300 63
2459 473
2203 2249
1782 950
2516 2178
1575 1317
2651 1419
2219 364
231 2366
1684 1315
1627 1900
2320 2279
48 493
2260 1548
1805 2545
1367 1032
2606 2094
1453 1894
1372 615
2534 1785
749 410
1971 2121
107 1250
2302 411
1186 356
1739 2309
762 2373
89 1839
1106 1128
1145 677
46 612
1288 2246
1607 1500
2462 967
980 268
1144 2687
556 2345
2705 2600
1331 1774
810 1854
93 2419
273 1174
2663 1096
1815 1811
221 2281
2468 1662
628 293
2641 557
1297 2436
686 159
1761 2565
1551 1679
2581 1572
2032 1630
594 1454
335 1106
1364 401
2243 2195
1453 1225
1630 1895
1809 1878
105 540
923 324
2042 2575
2670 2066
1596 513
873 2456
789 775
2026 486
2063 1847
599 1137
1162 523
1661 1357
105 1207
157 1916
848 2133
2230 1472
1877 567
1665 179
1553 2696
918 2363
878 2065
1214 2189
328 2405
1328 1027
2272 611
1425 2338
635 1379
2501 977
2131 2587
1594 473
1940 1425
2239 1081
2139 58
2661 873
1988 2574
1248 2116
2397 1450
1766 2685
1088 2464
545 2660
591 539
591 2148
1756 1472
265 1373
1357 420
2012 386
2343 2001
1074 2454
2046 1557
2233 1967
691 1359
1460 1027
1348 2604
2580 523
1537 2394
56 883
1161 1913
1220 2660
2453 2211
414 0
1725 150
351 1021
2592 412
303 337
2089 1782
1305 291
1514 1265
1997 1914
1245 466
1821 115
866 2401
2280 142
697 834
1733 2053
2157 804
2646 1352
2584 22
1777 1835
117 10
112 1595
2004 2041
2450 1789
64 2431
2246 2165
1196 2093
2395 1470
595 2480
1204 2375
1709 234
176 228
510 2202
1771 2318
2395 149
183 924
2581 658
1962 2091
2339 275
1528 988
720 1099
1078 547
895 920
2175 491
1345 2666
1259 801
1216 2624
1159 2254
2052 496
1317 490
54 1009
1490 1840
750 674
108 2538
1362 1292
805 2466
2666 2024
2459 444
1731 235
1227 410
1445 1732
217 2356
712 582
2385 1408
1572 1531
2091 529
965 2366
1806 246
1110 1971
2664 1897
1432 861
1851 2647
1233 595
1357 1733
2397 1875
1856 809
1033 2231
2309 1288
2465 925
2172 744
210 2548
1215 2393
782 1136
2300 796
1699 838
877 73
255 2035
124 1828
1478 628
108 49
2109 2513
2462 515
1278 2707
1840 1449
437 1343
408 165
1108 1691
1909 888
421 751
2071 1829
2687 272
514 1237
2561 1122
587 730
1046 2149
1108 612
197 1939
72 2109
519 1916
2567 608
1239 2577
2314 2381
729 491
400 1602
233 364
1928 2526
1969 1653
499 2094
847 2146
2569 1455
1009 1987
1465 2594
2393 1853
275 2108
2521 523
1308 1659
1283 505
1899 1351
318 159
1102 215
2473 1455
692 2251
348 2384
795 377
517 2173
2622 2404
1841 2600
2605 540
1156 1720
2455 1538
1115 478
1889 2263
257 416
1962 582
1336 719
519 559
305 1899
598 1412
828 296
1971 232
295 1027
1452 2121
2131 2204
1085 1105
1399 2258
177 571
170 1181
2181 2645
860 1314
2551 663
1425 261
2105 2509
2542 620
2391 179
1550 592
1680 1236
294 1547
1049 958
977 672
1815 2654
480 2020
2128 1048
2190 1302
2464 1453
704 1200
1303 2418
1745 1697
773 1018
1418 1564
1935 1801
1865 229
2019 1620
1695 19
1263 1921
1017 1641
1967 806
1722 2704
2473 441
2279 2138
202 425
1704 2577
2506 929
1219 776
575 1748
2153 2529
517 1199
1292 1319
2604 766
2169 584
1244 573
713 479
796 1427
293 1981
1539 659
245 2208
1492 2376
2291 99
2364 2303
1228 2373
1166 118
776 213
2640 1235
2256 974
1298 583
2295 782
322 897
210 688
2460 1957
1732 2563
698 639
805 1211
1043 518
309 1726
1085 907
1441 1899
1254 1142
2268 1066
1729 1201
664 274
2269 1203
1161 424
680 987
1051 1984
1814 1276
922 1428
1461 2192
2335 675
307 100
1864 1168
106 1322
2445 1842
1453 424
2706 1072
577 1903
1826 2507
2403 290
1531 341
92 664
1300 850
2039 2121
190 858
1918 295
1859 1489
793 417
1723 1764
1097 1089
1438 512
2702 772
2308 621
1927 1026
1513 514
2419 2311
301 61
2174 286
1918 535
493 1523
214 2380
1508 1504
2248 1405
930 2445
2307 466
935 2396
623 652
1875 1918
1582 1658
396 877
2091 2155
1421 375
1012 850
883 837
879 583
601 1943
2513 2519
1390 987
2138 1113
2360 1552
1280 2625
1409 49
43 260
1578 1883
454 102
1994 1137
1980 2393
772 2232
1108 701
1134 677
801 2225
121 2544
429 1105
1701 1286
1414 2427
1801 2396
739 1296
359 1300
355 499
2337 2328
605 441
2005 2153
1123 1048
979 448
2013 425
1347 301
45 1252
1932 2440
1028 436
1388 223
188 115
667 1731
954 658
1591 662
586 979
1056 1060
1341 1985
758 468
1632 1604
749 16
2694 12
771 1454
424 683
2445 1490
2234 2698
2538 1484
950 1827
2102 1210
326 1972
1682 1618
1043 1062
1641 2098
1928 86
1986 890
1004 383
578 126
1822 1343
1028 846
1808 89
949 2439
700 675
827 2322
929 218
695 472
1451 311
985 983
970 1812
2690 62
1902 1315
156 1669
1717 617
2564 1778
1501 2383
1218 157
564 497
2284 1418
1640 2617
1713 2674
2576 2122
1714 2432
2280 756
419 247
752 1325
1657 1075
759 2358
191 2384
820 2398
1019 13
547 1681
597 2436
1350 378
126 1451
1640 1599
1343 2688
1092 603
2493 95
1190 695
1974 170
1786 2117
1607 1803
2574 370
228 111
2539 1832
1962 1579
293 2104
1418 2240
1867 1921
153 856
1387 682
1549 1647
2300 1651
605 323
2679 1665
1950 757
587 1668
1104 2421
1462 1758
959 2037
1771 2101
801 2280
526 2295
2070 2550
268 2059
79 2399
694 2569
2651 1522
2528 2474
1169 576
1520 1291
249 300
1001 2200
651 2556
2692 1939
1492 1447
852 132
2564 2623
2150 2651
1100 2468
1194 2353
1247 2690
2487 2234
2191 1769
1618 791
1642 39
802 1451
1886 1561
294 1087
1239 1006
1914 668
454 1830
1961 2297
526 1519
2248 1011
2398 791
794 1492
1589 641
550 1847
1894 1934
125 2285
2355 1122
1925 1329
818 369
525 362
2380 2486
1173 301
2616 988
709 1364
1234 1044
1306 484
1096 1830
874 1051
256 862
2560 770
1466 1847
1121 1012
641 1630
1435 1064
2500 16
1909 1731
643 1241
646 442
1224 2064
494 2150
723 461
1402 190
1288 1094
2224 20
148 2374
1676 556
2661 512
1328 1287
116 2228
1340 633
1126 77
280 724
2506 1482
2676 2268
1054 2351
412 969
63 595
527 1160
609 1655
1693 93
2585 562
1125 2112
709 1524
2542 1147
1708 1186
2267 81
1777 1557
1487 1944
2413 2020
1069 466
431 126
924 367
192 2502
2139 516
2586 671
810 2149
723 2322
401 1152
1603 950
1706 1022
594 2019
609 1923
1031 2630
1699 2417
314 898
718 1565
1099 939
293 2454
1760 1187
1798 565
433 1982
881 1509
1669 584
297 2370
2332 761
2050 905
1083 1114
224 568
1453 1829
2599 1396
1283 1739
1917 605
2560 253
735 297
377 1521
2367 1338
1005 1020
1840 1617
1269 1845
1578 1059
1076 1780
1731 965
1959 2034
533 971
505 605
270 685
2470 2315
2454 1491
963 415
774 632
564 802
1946 450
1765 1460
2010 342
2039 1781
491 1062
1619 1099
495 1606
498 1320
1183 2448
1944 1113
819 2190
2470 2356
1242 2242
41 1383
1181 2488
365 1939
1625 613
1345 673
1161 908
241 725
321 1152
1631 682
1192 2292
513 2659
1320 1390
782 209
1526 1462
320 1240
1858 2562
2228 1773
26 1994
1011 1134
1342 1693
1420 2261
2648 2001
1966 1749
2123 1017
808 2165
1411 1083
1933 2010
2120 1149
2606 120
2661 1430
2659 1056
1539 858
1868 2444
2127 1302
1019 2350
507 2297
2207 2535
1520 2657
650 1076
1755 2094
2645 157
250 570
1295 2482
2386 1623
158 1727
2482 1210
735 1973
357 441
191 1874
1538 2535
2619 2301
2353 1511
967 1521
1608 1211
2344 1339
971 2045
1708 2355
1282 1051
1740 158
1735 514
943 1388
1812 1876
2548 2700
1703 1378
2113 1433
648 385
1964 2147
52 1044
1682 1385
12 773
656 1894
747 42
2284 265
2612 903
1990 2517
939 1357
2250 2546
2438 1906
1124 2065
1390 1451
1757 324
184 1115
179 389
2262 1355
1615 80
1148 702
1125 382
1924 1919
1688 603
2652 1535
2267 2322
910 914
1492 2463
567 2488
63 7
1231 737
2639 1648
2516 142
753 1479
1359 496
870 2075
1654 2427
427 31
1380 2348
884 2095
972 1523
1607 1393
496 419
1578 2344
2274 1288
1322 2512
1453 1696
479 2074
2589 2369
2174 1637
880 2192
45 828
1760 2513
1791 487
927 992
1030 1010
1949 439
232 885
1546 699
1088 2231
909 2240
1400 960
728 2216
1258 737
1597 2224
2437 169
998 614
495 2331
1769 625
2188 1128
1978 295
1076 1379
1659 1117
2657 2071
1624 1140
2632 2621
1697 867
2647 2082
1835 1099
1104 1797
556 439
684 2580
2198 495
248 22
1782 1060
661 1298
1018 1764
1077 1547
1446 1145
1160 2625
108 1855
866 2029
1786 189
2141 2108
718 2469
782 1060
1369 2601
1291 451
1429 1652
2109 330
265 648
516 2156
479 1233
1317 2610
938 1522
1848 1587
1760 1957
1806 2689
1185 2667
1470 1125
16 1378
518 1890
714 328
1462 1413
2680 2336
223 1819
227 1836
67 952
1770 2146
1802 960
271 2599
2067 2317
1644 1598
1378 2594
2265 1041
2529 1247
1178 2180
1049 862
1245 1278
1852 452
2098 791
68 2358
2676 1194
1499 2697
1507 532
1339 2220
2474 493
53 78
2402 2027
1516 2076
91 96
1730 2104
90 2115
771 270
1074 1865
886 349
1212 2025
525 2498
2583 2605
1795 1605
475 1780
2193 800
1511 1498
1389 2113
2241 1099
12 390
2605 2542
9 2579
1993 1118
948 53
2007 1173
2667 1309
219 2633
546 221
1807 1084
831 225
1260 768
321 1139
1304 2462
2457 2653
1190 1482
416 1359
1312 1770
204 527
1856 2628
526 1515
303 1811
801 509
1175 626
1553 953
2355 2140
997 950
1846 2601
2017 496
993 1636
2432 2247
1858 860
1926 911
870 1942
2651 144
757 1216
898 2060
357 2588
272 2517
891 1798
2066 713
887 654
2380 1493
1064 1652
1224 2208
200 1082
1823 1421
1824 1817
1689 979
304 1287
1885 2667
383 1505
183 2102
1209 2231
1585 878
1990 480
717 2011
2696 1793
1397 2383
957 648
626 2140
53 646
2558 520
2003 1378
2079 652
2424 1426
1262 1978
1283 2561
746 1106
536 936
499 1952
2480 837
2605 1658
227 82
1272 2194
2245 660
979 546
814 20
788 1597
244 1132
1970 322
857 1189
778 628
1562 1449
489 2150
1356 1352
1496 1733
1550 785
570 142
2338 901
2315 1740
1445 462
2127 524
1584 2483
798 532
1486 1020
843 1992
480 2409
777 444
169 1211
2398 1545
2656 1708
1309 488
358 1085
2359 557
555 1922
2339 42
1517 2262
1932 860
802 2014
977 2047
658 2235
1370 2445
1677 1556
59 1052
1078 14
2498 1350
1616 2272
2460 1398
253 1447
2033 2377
1829 1479
1192 2107
2032 2003
566 621
265 2192
1623 1309
2209 809
1637 581
261 607
2404 622
2011 1776
2586 959
1041 1201
2500 1051
1103 1646
152 1449
1031 1688
2509 177
2331 1524
212 223
729 1901
2277 866
1516 1111
2436 2025
674 258
2555 1117
2693 1641
986 509
2295 1231
644 202
316 179
1800 1365
2588 2416
1839 1675
1371 487
1772 1545
2653 359
1782 1878
199 685
1503 989
1031 272
1092 469
470 400
720 653
2535 2349
1441 2349
67 936
1500 1930
1134 951
987 1771
559 1095
1571 848
1671 2177
2217 2186
2472 972
1783 1041
2157 1342
2153 2107
14 560
929 1083
913 2473
2690 1186
2674 1579
110 2180
1965 1664
891 2189
1547 2589
45 339
340 870
663 2046
2281 1236
1580 2081
943 2150
1012 2265
1092 197
1962 319
2070 217
686 1629
174 2173
1643 2697
816 2498
1611 2485
1161 1943
1272 1899
920 2303
1538 1084
1507 1999
547 2090
1105 907
2244 1195
1039 1027
2685 2500
2177 1874
2360 88
624 2207
1030 146
1521 1473
2273 996
1109 792
104 1043
2674 938
46 2368
1529 708
2140 236
2225 201
2062 81
227 1262
904 1552
915 341
585 2183
2401 787
1572 2697
1156 1597
779 369
373 1137
939 2050
1345 1888
2682 307
1994 1719
161 265
184 732
908 2700
992 1469
617 624
1962 1272
2204 507
2575 2662
1932 1443
1513 2115
1610 1395
806 2279
111 1757
513 1908
1312 1028
2237 465
1853 2659
32 1893
2246 480
2300 1239
1340 270
349 636
1667 1549
1126 2676
2072 712
1877 370
2079 318
2321 1671
1088 463
471 344
1198 1705
1838 1267
963 1282
1963 163
1206 156
2150 2182
2425 998
2011 120
1905 1296
215 245
1556 1981
518 817
1588 2245
2165 832
2598 1792
2549 550
1326 305
1958 1061
374 1435
836 2287
588 866
2122 2701
2640 1981
1966 1755
2183 1126
2032 2426
1285 2093
382 1111
348 513
338 1866
2079 6
2002 2005
1870 1715
1449 2654
1177 219
307 494
2235 162
1954 481
1521 2147
1161 103
870 2547
1923 1375
50 2586
208 1319
2046 2705
1103 2595
1745 2205
133 1975
2273 910
1672 549
2322 1468
1803 308
2250 217
1749 2214
281 1169
1715 1137
991 316
381 2457
2528 1913
1637 454
419 2056
1944 1689
408 2454
1899 504
1579 773
190 2473
382 2077
1419 575
2233 1382
248 1569
964 2098
605 1668
946 484
48 2634
850 1613
1997 108
1211 1921
1258 2207
1973 1353
2402 2576
2138 845
7 385
229 1602
891 991
438 846
1406 1660
1322 1709
1190 844
1314 805
2621 1614
411 1620
1946 746
2631 2414
292 295
2528 1664
1579 2171
1469 1437
2351 985
1690 979
1085 35
2106 1503
1872 1935
2645 1902
1087 200
1358 1647
2115 178
992 2637
719 1087
97 1576
1092 1353
475 2417
1198 1700
2682 950
351 2069
1497 1082
2457 1326
1297 1173
1713 1230
761 1712
1431 888
293 2462
1807 1415
780 1484
1784 431
2657 40
1338 1651
177 1085
1858 358
1633 1494
2243 1252
188 483
2335 1692
1739 2142
1312 378
683 31
1881 2180
913 2431
456 2531
1805 1036
293 1265
2575 2615
946 1279
2022 1085
1299 451
2521 2644
2584 1038
1497 2058
1195 26
786 2251
1103 173
79 1032
760 867
1440 2000
866 1820
2027 813
2107 596
2301 520
972 867
2646 2375
2254 2557
1359 2379
551 2266
1848 435
1218 899
90 450
2411 2136
731 2382
133 2167
1373 947
2504 678
2098 1403
199 1209
571 417
582 2429
204 2676
1495 1955
799 2395
1360 2374
2547 887
186 1204
243 1174
450 833
2430 1835
215 675
1787 1386
2516 1654
2006 1880
463 1152
2646 1729
1366 1227
677 1328
249 1491
550 1759
356 988
1303 1956
2602 2193
481 1152
128 2159
1300 986
2004 1148
1536 1601
2506 761
520 1294
2450 1398
1919 19
1416 1046
1901 1216
2523 2543
579 244
1775 603
175 2459
1285 56
517 2070
1295 930
1982 2452
6 2241
2121 2162
414 2282
2647 543
2315 266
457 113
1343 911
85 1108
1699 2666
550 1120
1601 2703
1551 920
2278 729
1264 1768
1957 1048
1831 1597
1645 662
1476 411
149 1559
1627 975
1443 1055
1013 135
1396 303
1039 188
2316 256
999 1363
307 1575
249 2221
481 587
207 2530
1002 68
1973 2521
1592 1269
72 938
1205 1283
1128 1205
1704 227
1250 1080
2633 1124
1481 2139
2334 876
1954 2123
1721 102
2311 2174
548 465
523 2345
146 609
182 2629
2466 957
1205 1982
2488 1771
1280 303
1477 2367
1227 1742
159 1371
2035 2656
1583 869
438 1805
2565 1342
2628 1980
284 1557
266 1413
2592 317
145 1150
593 1269
99 431
1314 1233
22 1147
1963 5
367 1473
1334 1326
749 1323
1403 1889
812 1966
1405 2450
1804 1193
1791 859
1036 2605
2073 101
2282 284
2429 1524
1828 1054
2132 2390
1956 2317
1353 1708
674 279
1673 2042
803 1691
810 1086
2235 2434
80 2250
2614 478
2580 1414
1376 2646
2454 1262
1946 417
445 2269
1083 2480
1481 2359
554 2573
1976 2568
1469 2379
574 539
2317 241
370 572
1470 1304
1866 1192
1520 697
1875 220
152 311
1195 1797
1041 1172
1521 339
714 2083
1576 1391
498 1801
624 1025
2541 969
41 2453
1100 545
1314 2592
1146 324
822 749
802 2130
2094 14
2051 2686
946 1471
545 266
135 1856
2644 2287
1490 2564
220 1710
2359 1508
2549 699
267 478
2246 574
1779 1508
1386 992
71 1135
1134 797
2065 554
679 1551
2157 584
1143 1631
681 1022
321 511
211 1208
2111 1657
301 1833
1475 363
2361 79
2636 1915
445 1470
1742 63
1501 1205
607 1214
1545 1406
16 1530
1159 2337
1485 2611
1506 1126
2082 347
1442 799
81 2553
1892 2280
350 299
1338 2224
268 2478
2322 570
2156 378
2361 2167
1790 2271
63 231
1115 1803
538 1106
2368 1344
1676 2437
672 2180
1598 295
956 2665
1889 1562
1739 399
1823 2160
997 828
1413 2044
985 413
2569 32
1037 2268
2023 1487
2683 212
2707 271
2176 230
301 224
1909 2699
2130 319
1876 2264
1392 861
305 579
2328 1519
81 1239
156 104
1992 693
2671 394
2169 1366
1988 701
1743 376
1010 527
2174 1860
1811 634
2425 1288
1059 1212
404 1055
1936 324
1548 1907
1038 2151
1412 1729
1647 781
1291 1135
1112 1618
341 1636
583 2438
1465 553
1317 2007
110 1882
1422 799
2328 2083
2072 1390
941 1914
1163 999
1862 1606
2199 2363
2091 1258
1773 415
2642 343
705 615
2598 74
2021 839
796 2055
1303 470
2210 245
560 1356
435 36
2223 1066
1031 1903
5 1680
1727 2556
165 2052
2436 283
61 787
275 740
288 1205
1737 87
1272 2235
662 2302
1322 308
2015 581
548 1146
549 1723
2121 365
368 2362
2342 764
2399 2393
1711 1622
2088 1233
2585 1073
1486 1934
2458 837
138 2334
2384 667
1949 1277
2268 1191
1920 451
2589 2461
1368 410
2496 1369
1875 781
445 2097
1587 719
509 566
713 632
914 2109
23 566
864 2546
398 2079
1953 2616
293 633
2185 2224
927 765
2370 1186
1985 2431
1554 1522
480 291
486 431
651 2607
1672 2354
2662 1784
2212 573
1086 766
793 1655
1486 89
2143 1062
125 457
2028 2187
2315 1644
2333 1108
2096 2114
1506 107
1419 2483
2653 1634
2629 74
1780 433
2129 918
2199 1660
430 1772
2628 2069
2671 2508
2253 420
1439 2425
654 2049
1578 2617
687 1850
1977 2501
1631 179
2495 2513
2519 239
888 497
1916 1741
611 2188
1679 1748
2017 1859
2481 2153
497 2175
258 2419
783 2385
1346 2574
420 1279
1038 703
2269 1468
1726 1572
1598 655
975 871
425 88
2270 1899
1037 361
1830 2695
1353 710
1489 1288
596 1571
550 2483
610 1116
1565 982
1564 1273
1234 1741
1463 2375
504 2043
681 2143
2082 2635
1097 2019
369 1894
1780 339
490 775
2674 1156
2170 2047
2171 2561
2620 1237
625 886
2306 1025
1495 1458
458 1155
2372 149
1773 2201
577 1369
2681 1746
185 32
2416 568
491 2142
2688 960
2581 2125
1877 1254
1994 2300
812 827
45 458
1682 1673
528 2283
1979 1273
1276 1799
366 213
1830 759
1402 2059
1087 2416
497 1049
1119 708
933 121
787 1904
1154 2445
958 117
1658 2247
726 1885
2304 1334
558 2151
1824 273
261 2322
2135 881
2205 534
1381 1525
2534 2464
324 263
1698 605
84 1606
1725 82
1651 1136
412 336
209 2664
1705 604
47 245
735 155
164 1128
513 359
458 1102
1434 463
1830 2494
2143 485
991 151
98 2234
13 1465
2147 2513
2246 1763
2144 2596
1789 1431
2149 2510
722 2631
1917 830
248 987
2610 1466
1657 1882
2213 93
691 1512
65 2599
1489 104
2195 2513
2573 660
322 837
96 1021
887 1018
2055 2434
1125 1541
2235 755
2626 1384
2135 1159
2647 1232
933 2351
2497 1316
886 2265
1930 2472
1512 1182
1425 2072
583 996
264 726
758 2
1118 892
38 1741
630 1838
2593 313
1421 1202
824 1711
1351 2184
1140 1463
57 2558
2338 197
1435 1062
2254 2323
873 1828
666 667
636 2430
937 1019
2236 510
846 2152
143 2070
1514 1328
130 996
1951 1184
1869 286
1464 880
1631 484
2180 1598
787 1188
1628 1346
97 553
1220 911
2448 1773
1692 2344
1168 2233
1039 2333
1528 1082
713 1374
2367 2262
223 1172
1006 2110
1778 1641
2436 982
1232 2637
2655 938
1573 118
21 1162
892 365
1341 1622
1434 2358
1480 58
2370 1653
909 1722
2294 1609
18 2603
414 492
1619 2463
40 2261
2514 1836
890 1263
2003 291
1345 2313
377 179
2063 950
1589 1528
265 1973
1299 2167
1701 691
275 2019
1904 2399
1672 899
1858 1939
620 202
1912 1783
937 641
2237 297
1589 360
1421 1150
1327 83
2306 720
1363 1323
2032 385
2304 1860
1753 403
605 1135
556 1649
911 11
2262 1082
1697 1211
2469 2692
1067 364
1508 683
110 2080
687 2406
2700 2116
2084 522
2143 263
899 2176
2056 190
828 2145
2508 2023
1501 1329
413 1551
1913 1320
108 2562
874 1087
2355 90
1960 2285
2010 700
821 1415
2293 2644
1872 1447
762 1097
2108 1668
1680 196
1497 1909
665 2517
1049 1099
2646 1156
1891 1507
2502 558
291 169
646 2082
1438 1545
2702 293
1009 47
2225 891
985 628
1928 2617
728 2398
1542 2359
1877 332
2122 1766
487 1989
2330 1749
2041 2377
2202 901
2513 635
358 956
2356 1870
528 290
272 1139
1561 2176
1346 1999
984 867
1413 959
776 2526
868 801
2663 2277
406 1450
1302 50
2221 1218
216 1251
352 124
642 1177
230 1139
114 176
1835 2646
108 1300
421 435
361 891
164 2362
29 1436
2203 1073
652 20
230 2284
1868 1806
1872 2116
504 1091
1180 269
1333 1844
1397 724
926 1265
1472 1002
759 379
2413 2435
1342 680
1591 1770
1855 2293
2143 837
792 2251
551 2587
637 1518
1489 2320
1015 1048
596 1193
1104 693
2577 2390
2219 2222
1281 1206
1313 975
1553 1928
1368 95
1274 1044
72 515
2456 1840
1679 1742
2532 1567
450 1421
1402 156
413 1678
1252 839
2448 1130
888 1863
1358 1703
263 2442
384 1329
2591 838
2504 469
485 2058
2148 770
129 142
1641 574
881 1737
1862 403
118 739
509 552
421 1985
2659 2597
1884 787
1394 1635
194 1575
1386 718
605 2090
2304 1108
1433 1945
65 1952
1858 1401
622 222
2593 2587
2314 1417
1441 2344
1814 1573
575 1709
1743 2373
2336 1414
410 811
2291 1844
1467 710
2203 1966
831 164
368 1913
744 2545
381 94
1029 496
280 2561
100 1650
1615 1753
1973 2259
613 2663
309 959
841 19
553 1857
756 1544
1851 957
1170 199
998 2463
716 2640
2334 1479
1383 1554
208 889
2664 386
567 7
1000 2701
508 189
955 763
752 2455
2644 2571
905 1280
1323 831
782 1388
2476 2645
2500 666
630 1939
107 1667
2453 1424
1349 2345
894 1477
1317 1157
2239 747
321 408
401 652
2075 2243
1416 279
1993 527
1560 2640
1751 880
474 1896
406 1448
1446 961
1202 2011
2272 1203
408 1193
2377 491
2515 100
2272 1026
2000 2086
813 587
1032 529
225 144
752 2701
279 2265
214 891
175 1148
524 1241
1269 1747
363 1019
739 227
100 1166
358 1778
85 738
2020 2221
2471 24
1452 1316
6 2595
284 1513
985 1466
1927 1586
2244 30
567 2596
399 29
2033 2528
2202 1917
82 155
1459 1619
318 2229
1553 987
1675 662
13 204
910 2598
2030 1124
1876 1096
1323 2326
587 1577
1925 1640
1585 1492
509 1050
2164 1184
1600 1139
2184 2086
1088 1605
1873 1599
2300 379
2520 1412
250 1258
2339 231
2581 917
2240 1795
78 1382
1941 1036
397 2484
34 1978
2550 2260
2644 1798
1492 287
977 2248
1786 1605
1865 1686
1810 863
1008 2633
2614 601
748 572
2202 472
2355 1966
2509 2373
2078 62
2257 2144
392 1373
1544 493
2216 1922
1044 1002
1185 2476
1140 2162
396 62
1001 1170
92 878
1675 720
1237 573
2529 2045
1930 195
1300 2646
289 1886
1368 2317
2008 472
1165 2003
1715 1615
197 1737
2094 127
2358 2279
874 306
371 1732
545 2073
597 2678
2114 347
1169 1342
1609 1834
1062 349
1970 582
2600 1724
2429 2339
2310 489
2001 2264
1977 304
516 1085
1809 14
541 450
868 1428
1831 825
1829 2113
1071 1262
2304 929
2438 217
2646 667
2518 2477
414 1573
2188 2085
237 178
1701 2280
1710 1844
137 1389
1081 27
778 28
1707 2183
1593 510
1956 1593
1088 2197
1085 2642
203 752
1004 1901
1167 1662
1388 117
1137 1863
193 2649
1659 1560
1110 1749
1321 1336
809 875
227 601
1450 85
1391 1960
1439 475
1860 450
265 2420
370 764
2574 2676
1817 548
1721 1736
1744 45
1982 974
2202 275
1545 2121
2561 1670
2127 2290
359 165
1271 2388
1978 1968
2004 82
2284 1590
2435 2244
128 2688
998 1339
2245 550
1258 2645
1736 827
2270 1705
758 161
1414 1758
1285 44
1143 1947
1930 1916
682 1363
1091 1851
1577 2393
107 2051
1371 861
1401 1177
182 614
832 559
1117 1757
35 1003
741 2419
1704 1222
827 1464
684 2332
1335 2652
2423 119
2443 1232
1166 1373
920 214
1393 564
1848 2030
219 1892
1145 562
247 1097
1217 1953
2388 663
368 631
693 2479
1480 1914
411 343
2484 1138
839 1627
805 460
74 172
1856 2292
2178 2288
200 2482
1978 2631
855 101
2318 262
1954 145
1290 2264
1317 197
2690 1529
1428 512
1056 2639
1714 1755
252 998
663 2060
2388 2261
1092 2216
2008 2090
761 1248
632 1526
618 248
2042 1177
1703 548
809 682
1602 113
1534 1244
2540 1405
1323 2670
536 2558
473 1348
1009 1327
2292 2706
1054 382
2579 775
1485 230
1643 2091
1311 2314
1983 582
954 1882
2050 1325
466 1747
1898 2463
1504 1101
1454 589
1242 2260
772 2590
862 1393
1510 173
2398 2615
2570 225
45 212
1116 972
1466 1211
1167 572
28 716
191 216
735 1515
1116 834
2557 737
2583 726
2657 2527
2429 2455
1929 1594
1473 1713
1719 1342
672 422
1629 2658
1677 241
1239 373
285 1014
1730 2045
1779 1939
2351 2684
157 99
1068 1431
2618 911
1839 1493
995 1394
620 1865
965 2502
2196 1746
1127 937
412 1964
981 961
1635 1891
2560 1655
2095 2468
275 1897
2113 591
2093 1429
2580 1592
2532 288
2287 2223
405 1731
2682 1742
971 2683
1872 1986
1464 2462
296 2296
463 409
1558 2348
1477 2008
2105 1992
2362 270
986 499
1711 2480
909 2135
1727 711
1162 1390
93 2684
2507 1000
1890 1345
968 1357
2176 140
576 2467
2277 2308
1239 2667
2607 1456
104 418
743 678
115 117
1734 2647
2156 1608
2122 2546
998 823
1661 492
1526 1575
491 1099
250 1770
356 2680
1110 2518
2630 2
1342 2240
2068 732
1112 2597
2014 435
1684 2518
1524 2375
2316 820
599 2597
1518 78
413 1958
957 1190
1021 1375
2176 960
2328 484
504 2439
1626 1894
551 2491
127 110
814 1727
2686 925
711 2281
903 1829
1676 308
2415 503
2202 926
2089 1218
1454 1175
1380 2470
868 1088
695 2675
2026 19
1492 1678
258 2286
1171 592
677 2688
1646 2686
222 104
2510 332
200 840
586 2392
2626 1397
2337 1961
1355 1750
1719 1902
1544 1787
273 2407
149 1762
631 1068
1208 1982
2086 1772
1860 1147
1038 1743
699 1465
2516 1098
2005 2183
1368 2253
1119 1951
84 1165
553 695
749 883
1408 1605
2085 945
1419 2332
1636 729
2161 2020
39 2600
1285 1923
2414 1125
2081 729
1877 798
1002 2062
958 1850
192 2622
1294 347
1276 671
2375 955
1099 2492
1843 2535
829 25
189 1648
2688 2121
366 1799
2522 596
516 2596
2174 1410
504 2345
574 887
556 2622
2479 2662
1146 1743
72 622
636 1028
1998 261
1048 2294
182 2626
1686 1419
944 2385
59 1226
2138 658
1752 1433
474 940
1820 1559
320 2202
1347 2054
503 1407
1197 1335
392 2568
857 1712
566 1094
704 622
174 2176
1319 1357
1625 1188
536 130
558 2071
1577 728
128 1032
1005 1131
123 2424
43 1142
1573 681
1199 615
846 2315
2257 654
318 1582
2296 1617
1562 2682
1957 73
2189 2088
1929 834
2370 1240
1246 680
964 1268
296 1992
697 1576
492 1589
2302 473
2591 2000
2684 1379
628 2110
1194 942
2291 1213
2161 1702
2214 1511
612 974
728 159
522 1385
253 1476
511 1605
1936 1132
1464 1795
222 686
740 516
403 1176
1344 2061
1210 1274
793 81
95 641
2248 1710
465 1396
677 2694
1382 1590
836 1118
2001 2660
278 2154
331 276
798 1323
1929 686
2564 189
34 802
1328 1451
1261 2495
1983 348
173 1226
1017 1446
2392 219
266 1254
1038 2026
821 2159
1242 1719
106 366
574 2622
1369 1699
1832 2056
24 2455
2575 1650
1283 396
391 463
723 2435
2443 619
1214 2146
1193 2330
1614 2659
2257 154
1795 2670
1822 249
1184 1693
37 639
2076 2097
1830 2153
829 326
1363 2195
1890 205
1103 1660
2519 834
2235 2440
1692 1748
2585 1731
88 1493
1287 2448
611 461
1714 1050
644 2540
2472 1306
2222 1073
2655 282
1677 530
2234 1500
71 1683
944 1496
688 2536
2597 2252
743 1535
1388 160
2350 1184
1526 1345
2452 337
2581 1750
697 1773
1018 1540
2374 2071
1124 2461
2197 413
2535 1996
1739 1062
1088 1255
2704 490
66 2649
2673 2335
2228 2662
2265 1818
1683 1819
2247 76
2531 2701
509 2545
1779 2039
240 918
2484 1843
1500 803
1018 958
922 1341
1292 2287
2511 1795
2477 2260
1233 2116
228 1991
1154 1466
2582 1936
1177 855
2489 1832
1679 2036
1595 1960
1934 23
1883 1534
1513 1428
1173 2113
845 456
902 1198
1001 136
1314 502
1200 2474
2460 1317
698 2185
1292 638
1292 1516
80 2281
2282 585
6 1199
2200 1544
2490 155
356 646
62 2466
261 2049
1268 84
945 196
1838 2406
722 1756
2695 328
916 2056
163 1614
2481 2013
611 2095
2137 1513
77 725
777 1741
471 2389
1641 2516
2200 704
156 2243
2054 1891
1251 416
1803 1456
619 1200
1260 1726
186 1740
2420 1334
147 292
2484 500
112 1617
1291 243
94 385
1143 2290
2012 455
640 2504
1283 385
1669 1072
1582 700
1634 1447
1761 1608
2637 1890
1227 255
1553 1450
2354 144
244 2265
975 2689
2372 144
1207 1733
2172 1496
987 979
849 1391
2686 1609
1130 2034
340 2472
342 2549
592 1944
1331 1017
1408 700
565 2173
1813 1946
983 250
1107 2117
2134 95
2262 1801
502 2240
1471 1980
458 46
1074 2059
1498 1353
1470 218
974 898
962 1089
1940 569
2349 1910
11 832
1209 788
428 2491
569 456
2544 602
2446 76
15 1896
1338 1818
1019 2095
1790 1676
1489 1637
1485 2646
985 398
1789 274
404 2669
459 52
1302 1986
798 2291
932 1143
522 1882
2032 1704
1888 426
1965 2381
1332 1442
1291 789
1536 2287
2342 382
2459 1128
2280 1904
576 823
1178 1064
2510 1126
925 1086
2629 2455
879 441
1353 1048
2028 248
1513 2419
2276 430
2547 1301
1077 1261
1623 1450
1640 1704
1364 992
593 984
894 1474
2377 1699
2021 2280
752 772
275 2046
2031 875
738 59
2568 1078
1730 2267
680 859
1435 2662
1831 585
2376 1636
1268 388
2423 1982
2481 2179
2270 747
2577 1128
1469 343
138 2428
2353 2007
1494 834
712 1359
567 298
256 1842
1942 1205
1648 2213
1149 145
1935 2552
53 1716
456 2344
1634 2638
1448 1287
170 2607
1849 460
1961 1400
363 525
1485 2191
691 562
2525 2187
826 1242
1964 2193
2274 2137
1726 193
2566 2203
2157 807
2541 2030
361 1727
338 496
598 1468
89 1785
1067 1632
2004 299
2360 493
1826 750
618 1103
854 1501
2119 552
2448 1016
2701 1079
1879 1538
409 2236
733 281
1873 1345
2315 1718
1306 1866
1853 1161
1217 857
2590 2099
2066 2308
1863 1986
1816 2682
1310 1891
1394 623
565 1613
596 1147
434 738
2609 148
1655 1590
2045 798
474 2592
759 1563
964 470
505 107
1912 2469
1947 99
2 2261
2616 2370
2395 1294
2088 1010
1348 918
1372 1544
398 1347
77 2370
2578 965
700 1521
184 1045
1288 164
2640 2610
91 2395
2107 1814
363 2568
1163 1493
283 1042
2187 1990
961 855
578 2107
1885 821
1357 1293
319 1347
967 1559
2285 1315
2399 1657
1554 1213
2600 804
2642 758
1659 1775
1610 2207
2586 83
93 1232
436 151
2406 869
19 2624
2331 2514
1698 317
1633 1253
2427 1065
245 519
1787 2177
1514 2041
1760 2075
444 710
384 1498
1401 120
