2090 350
119 1959
2537 117
1927 305
2448 609
2182 415
1815 310
1480 1103
2131 1463
1095 1810
2674 1109
316 598
2504 2095
210 1671
176 109
95 1602
25 2011
276 1695
2217 96
2277 734
2395 1396
2552 2306
574 576
1550 2083
2058 1378
1096 1065
1189 2359
1640 350
306 554
1985 438
1360 1902
942 1924
1497 549
1623 1768
818 1999
2141 1636
90 156
2586 1375
235 1701
618 288
113 1884
1155 881
1807 180
280 1535
1016 4
695 407
1059 1600
828 1795
2199 2186
1584 1798
1348 218
43 2400
2230 2296
135 2095
1952 1951
1358 1281
1725 1070
595 1016
727 2570
1526 1977
2199 901
306 1787
1899 388
2685 296
2404 1912
1318 2661
306 1705
139 910
389 704
1154 2515
1954 1441
1396 1421
1789 426
2364 2266
1910 1296
1715 1154
284 84
973 277
2093 741
2317 1928
68 391
1701 13
1282 684
2365 970
616 2365
487 655
2081 1705
953 2567
2555 961
1810 790
2681 361
2367 1147
886 1400
61 1416
756 240
1154 2514
1257 428
1471 1646
1035 1833
1964 248
2476 1169
1444 2323
1049 1432
1360 541
856 1390
2088 1797
1986 201
2400 963
2614 1599
2367 2368
32 1973
337 1776
2295 2155
1742 1749
2119 33
2005 1986
735 2062
524 1169
1262 564
1676 1675
128 2270
1049 2610
2095 2504
2425 1622
2390 489
2102 1912
1665 1615
216 1542
27 606
2077 2075
88 415
2127 2130
973 630
2272 1441
1986 1095
1169 628
2677 956
1957 1355
2220 1148
735 1543
436 1332
54 767
167 2482
2046 236
1077 1483
398 2177
1131 1538
241 1441
1631 2196
1616 581
553 1127
2694 431
644 728
690 311
2492 1169
126 236
133 2045
389 1483
1072 189
306 1490
705 617
1103 263
1986 1434
2499 1524
2442 1229
1392 710
95 2197
1022 541
1080 2162
121 802
2590 1469
2681 1390
881 1155
476 306
1029 118
982 1458
2090 306
1927 769
712 850
984 2265
743 1986
2391 1740
1838 2182
734 1841
366 1583
845 316
1891 1889
833 2036
1341 2425
980 1623
736 734
55 323
1903 2269
495 1327
1015 1452
1342 1230
107 1650
2282 1131
120 1842
1885 661
1505 1699
1119 1273
1229 1155
2237 2238
2667 45
1271 1093
1271 1090
1050 2563
598 1100
130 88
279 502
1896 541
1655 149
1926 2052
644 1258
1047 1588
1641 833
1975 1370
2523 867
997 183
402 1936
1288 88
1415 392
1239 2027
1914 830
146 1927
1704 1986
2686 1657
833 207
509 2146
2326 1782
1936 507
2534 620
270 1215
1358 1723
109 1045
622 886
52 2053
1413 877
1217 396
1358 757
506 1352
1810 795
2155 74
2270 1414
2127 1119
1580 95
2609 411
2480 331
1604 902
1701 699
1357 2170
2335 1385
364 1632
264 844
1538 118
26 2454
1629 1659
1294 352
1758 2466
1451 194
598 480
1705 306
1934 338
1617 748
2351 577
2103 1912
2018 2019
1184 2100
1717 1358
2372 687
1981 436
1214 1716
1483 389
1908 211
428 2248
370 1408
1358 1480
1849 1914
577 2352
150 1942
122 99
1309 88
2530 2442
1721 1358
1213 607
1502 1503
1173 1250
456 142
1825 1183
2464 1207
2147 374
2385 2304
1953 458
2037 2034
1579 559
869 1701
1401 1585
996 428
1257 492
173 1358
705 429
1761 223
1874 2500
1810 1869
1659 5
2379 2002
2486 2147
519 1998
1169 2492
1072 1262
1149 1358
1124 1075
754 1358
2024 2178
2130 1890
1795 828
1072 1798
1701 664
1283 1282
713 1044
2671 1533
314 2000
1015 1789
1971 1703
2166 118
1548 171
1780 1624
2291 2292
1725 1358
2243 1503
980 589
910 2085
1986 1166
2066 2065
415 1309
815 88
2526 560
805 275
310 1946
506 1918
938 618
1443 1350
1869 199
236 2079
2057 1628
1129 577
2357 2356
122 2455
911 1051
1536 2702
1728 961
1573 2698
2197 95
41 644
487 306
478 2024
299 2387
2411 2410
2446 1716
304 2423
1946 1945
1425 1015
1185 1460
317 1785
973 935
1214 1199
997 1837
2094 36
836 2403
1368 2553
895 1296
794 1590
835 1134
604 1652
502 279
1157 2463
860 1527
2367 15
973 682
2280 279
1742 533
2238 1969
2523 657
886 622
1784 1072
1483 754
352 1944
1401 89
2110 1085
2035 733
2509 2114
2329 397
1072 1740
1377 2068
1799 1465
2113 1077
996 368
1768 1837
2476 1596
2457 499
859 1030
52 2182
1552 1778
368 428
1087 89
1766 1358
1681 2320
2001 2003
2197 2181
1065 1699
2385 995
228 1358
808 1785
1770 1623
1609 1791
2485 1370
420 199
1543 1881
1916 1914
2020 323
1314 890
1428 2524
2438 168
1426 1751
1674 1914
1558 2340
1635 763
2327 1490
763 1635
2538 2518
180 1020
1624 109
472 1182
1624 1785
9 2614
834 876
1523 2449
350 1778
1712 1725
920 1893
261 1701
458 1276
1421 1975
2453 354
661 1882
2407 1313
1152 897
1388 736
2342 1259
459 153
126 1623
230 577
1512 342
1334 1701
2692 1310
1850 666
448 1902
1470 1824
687 480
39 2357
1483 1077
95 861
394 1064
826 2528
1755 1358
565 427
2417 2416
2664 1438
109 133
2094 109
2612 1280
1358 1149
364 1606
873 2313
2569 380
1609 1912
461 2309
734 95
1308 1627
476 1800
65 543
1192 1621
1064 2352
51 2213
973 1142
2107 399
1889 1531
203 963
623 2464
1502 1200
1281 977
1358 645
1912 1609
162 88
563 109
1569 1050
1725 2596
93 550
1320 1491
2034 1812
1775 1623
1451 2564
1589 101
64 2616
1348 1810
1692 2302
994 2309
1003 363
2011 25
2001 2379
1358 1620
2268 1160
306 719
702 2070
1443 1094
1064 2351
1697 1986
41 175
901 731
638 924
651 1667
1535 280
2100 2101
118 454
528 803
1691 700
310 875
22 2238
1325 2247
1079 1914
1013 1583
61 2312
364 263
1826 645
1254 1229
2066 1098
939 2173
142 2049
1928 2317
2492 111
758 111
1717 1114
581 306
1632 364
1776 1572
1131 2155
629 534
442 588
2591 1552
1685 2083
1795 2299
1973 1525
2454 26
1497 2034
1859 1701
2080 1245
606 27
1121 1655
651 2156
1610 2557
854 1097
325 1848
2034 1026
580 2445
2415 915
8 1996
490 2099
1509 189
2212 2216
2185 1538
1824 1183
1983 438
2340 2339
2075 14
715 2291
230 1217
1257 1071
598 547
2135 190
71 1986
350 406
2517 941
194 1451
102 109
2147 658
1951 1952
372 1834
1798 306
306 1245
1701 1846
27 2578
1234 22
1165 145
1721 689
1948 1950
1732 88
2539 2540
2555 2599
598 869
833 1641
1334 1950
1130 833
441 440
389 359
725 1104
1013 1840
696 1570
160 743
2427 349
1215 1894
2491 1960
836 1013
336 1944
726 2671
748 274
757 2421
1195 279
1385 1015
1075 1124
1701 1861
1378 2058
109 1337
2201 552
1177 1542
647 1360
1919 1402
1739 1750
139 18
133 1623
2269 20
1205 1358
1159 2534
126 2079
1634 39
1695 276
1768 2325
2287 610
2021 239
1875 1986
18 1786
708 2216
1986 1875
2080 306
2395 2394
1106 1092
2615 2696
2357 39
1810 1820
281 746
732 296
2434 2399
46 1604
340 2463
1751 2596
1199 1214
762 2448
1337 2045
165 1473
498 323
899 1055
2165 1343
1857 1701
1058 1195
1266 255
505 1448
6 1416
638 893
1660 2154
835 1654
109 1661
214 2194
2670 1194
2455 99
306 2048
2192 213
2122 2066
1141 963
828 444
1328 2160
814 2383
1382 1502
2075 2091
1098 2066
811 900
1358 978
2091 2075
1483 1072
266 578
277 696
1732 1566
1147 2371
489 2390
1461 1634
1022 1962
273 846
1351 1535
356 498
151 2335
1525 1224
1326 928
2040 33
893 638
14 2668
381 2538
1942 150
7 208
1300 812
28 1687
438 1667
1487 1849
1523 548
739 1543
177 1639
2574 1186
1427 2446
2174 2173
868 2276
2206 1951
99 123
429 38
1701 1023
428 1257
1986 2001
1129 2351
1894 2118
1908 415
1565 2365
1782 306
2059 1906
383 309
1774 1623
470 1097
2245 2243
2169 1547
1824 645
1525 1973
1343 1645
1710 480
1073 316
1735 1483
1022 132
1881 739
2042 2039
254 1211
678 377
436 1981
2034 1983
302 306
1396 2395
1234 1966
2184 70
1839 1655
436 1977
867 2523
1966 1010
1701 1100
1808 1810
1692 503
801 1961
1358 1731
1585 89
1358 1499
1233 2433
1520 1765
1057 2409
1973 1974
1870 1701
1286 538
1330 1837
2293 1535
1935 1542
1002 622
2464 1530
1309 1338
1675 1074
1470 2553
737 2178
667 2364
1307 1444
2503 616
426 1805
1628 2054
640 765
2171 2170
306 1804
1483 1735
1702 1966
955 175
2502 858
45 1219
2019 2018
2451 1804
1701 1852
2357 1846
1986 745
139 306
797 2359
1482 1973
487 1782
586 74
2504 2144
102 1561
972 1000
962 1062
636 2233
527 423
1194 1366
35 1913
1428 1534
1358 326
124 1367
1613 1356
2367 765
306 417
1434 445
1677 88
74 2155
2688 1657
768 1566
1602 2072
270 2280
1424 1813
38 863
2309 210
1464 1359
2115 386
1142 2326
1765 2492
1650 971
2648 243
1935 1177
333 1694
2683 2681
1645 795
1750 1739
2318 1779
1468 1275
391 1986
1820 1810
2027 2025
2581 449
644 41
2221 823
1150 1243
746 2006
1102 2464
2045 318
591 642
231 176
2269 392
2295 1655
1316 1301
1031 1952
2501 1321
251 1413
1131 2281
377 2291
1542 1941
1116 568
2254 1146
1765 823
1183 1825
1739 1358
1810 1817
370 2269
1530 2240
319 1205
760 567
2450 704
733 1682
2045 1776
1410 1203
1247 1679
1157 2240
1684 2486
1463 2132
85 2487
1665 1701
661 1028
617 705
1185 2590
1557 2083
42 87
2481 840
830 2100
1507 446
2439 2530
1501 116
2365 998
121 1910
1720 1765
2383 588
39 1965
1994 1986
1250 650
1358 764
1519 2108
266 809
84 2224
1902 1899
1251 102
249 1978
311 343
764 1606
1623 660
2392 2451
1815 1950
977 1281
1358 90
2023 2217
2040 2120
1637 1973
725 2071
1272 1947
1070 1358
102 1623
2688 2687
2392 1740
2597 1725
748 1550
1655 1131
1115 809
1358 1384
12 2662
1711 1731
18 2145
2066 1477
2366 46
759 733
2413 1725
2419 1848
1199 881
1042 1125
704 1412
723 9
822 1973
707 763
792 1488
851 1309
2286 1549
2518 1135
1634 1349
1908 1677
1527 2450
1828 1409
2360 606
513 657
2240 2238
2219 1838
55 771
744 1358
1620 905
1660 1224
1237 1958
645 1899
1399 1396
1507 1645
1741 88
1562 1358
2045 2048
186 1672
2140 927
1040 1765
1727 188
807 1226
2074 2277
2223 284
2325 508
1389 2597
1579 1182
2507 2221
1475 2470
91 2122
1933 1413
1639 177
2216 2212
1026 916
168 167
857 470
1701 343
342 1072
1395 2267
1210 1648
2407 573
1552 2591
61 1080
2444 16
1628 65
904 132
1928 2475
2003 185
417 306
711 2111
1530 89
1428 2520
2638 447
1811 1810
2240 1157
2106 36
794 1160
1283 2324
1288 1309
1251 1623
2228 2394
1912 1296
748 1568
402 1932
318 1701
539 2155
1822 1811
989 1507
2201 2199
1778 1771
710 1392
793 1903
2260 529
2259 1419
659 1803
399 544
2418 57
228 848
1889 1891
2679 1257
2597 2415
855 811
328 951
1773 1623
872 1542
1624 887
873 767
2178 1979
548 1937
1154 1742
1599 110
1135 2518
1445 681
2495 1130
1986 792
2448 2446
1042 1047
299 2383
2611 1239
253 507
823 1358
2512 569
287 2705
858 2502
1382 2176
1783 1767
1893 1889
391 493
1932 1936
666 1973
1464 1683
847 2189
180 1807
1474 1908
1729 1013
1169 1714
963 2400
1176 1542
537 1165
1791 1609
480 687
695 1998
88 2011
1296 895
454 441
1360 1650
1358 684
876 558
577 1129
109 519
449 1280
1869 205
482 790
2071 1840
2324 1282
1679 1247
1999 285
95 1838
1979 1980
2117 2115
9 723
1317 1148
1908 1529
1834 449
2228 2227
269 321
786 947
436 424
306 1775
408 525
883 609
316 1821
152 43
145 213
1742 2444
2496 2290
1987 1295
1507 989
2259 1436
1312 904
2203 731
1710 1358
1344 2315
643 573
1475 2469
792 218
2518 148
2176 595
2051 1926
1923 1416
541 1022
118 2166
1499 1776
937 2096
65 619
1381 1794
2690 611
1842 1013
263 732
1986 1704
1358 1284
1909 2305
1739 616
1317 689
553 277
252 2485
1358 174
119 1537
196 2122
1157 963
2079 1802
1169 748
1848 1224
1214 73
1372 42
1924 1416
151 2238
220 913
2130 912
1558 1191
186 1228
407 695
1441 2271
1692 1423
1214 337
1529 1984
1094 258
752 2451
1360 1904
2007 1986
1738 466
1224 2153
819 364
2168 834
1973 1975
1701 1858
24 598
2247 2509
2094 2106
1149 1986
1473 598
1823 598
1907 673
525 2183
380 930
1045 109
1765 1562
1812 2550
1023 1986
2169 2168
1639 1688
503 576
121 2251
1533 726
19 1939
2367 2369
2064 327
742 1620
638 2387
2283 1131
1531 1264
1159 729
2311 2056
1232 1083
649 1171
1986 151
2059 1008
1941 1300
1129 1518
739 701
23 2159
1358 1145
2127 546
1623 1561
563 318
1468 146
1309 2015
1913 895
1154 1715
2168 1033
2472 192
375 2434
48 2206
396 1217
316 143
2025 1498
2093 109
290 2359
963 203
370 128
2321 1682
2045 563
1443 963
513 1528
1191 1558
585 2526
1982 130
1083 1450
1581 1810
525 1628
1641 637
810 1068
2636 2634
1810 1004
121 980
878 2326
1441 2274
509 2148
156 155
1901 2286
796 1358
218 792
1422 837
1469 2349
2224 75
2075 775
1965 1964
817 221
1358 1758
1555 1470
742 1483
2025 572
1072 1801
2333 1042
2199 544
729 2534
2054 1042
184 520
426 1772
1827 1826
109 2095
1701 1874
1927 738
1810 1816
1441 1958
1715 1358
2054 525
513 565
1558 1986
164 210
429 1669
1892 1669
2394 471
1859 1986
78 1329
1337 109
990 1054
685 554
816 2405
584 2464
88 1174
298 607
1399 1501
1503 2243
1174 88
1986 45
2021 55
2008 2301
35 895
1234 1702
479 1880
377 733
2026 2096
1928 1447
1681 407
807 1956
666 1850
2034 1807
1602 6
1711 1730
1742 2443
1890 2130
1744 1765
2374 20
350 2090
1439 200
145 2622
2233 636
1960 1904
507 1363
1687 246
344 661
1413 1931
1629 1711
1301 1316
523 2406
1651 1248
1072 306
97 1353
1841 734
889 800
434 1117
2146 374
1980 2405
1915 2649
506 1013
1964 1966
1119 870
548 843
2048 2045
1976 502
863 1160
1654 2034
1602 1204
2110 2109
1848 1652
2230 606
397 1096
686 1358
1735 1282
25 2317
1688 1639
529 2260
491 190
1358 1123
99 2604
2176 1091
1229 2440
1358 744
2455 122
1703 1969
1712 2446
885 1039
732 1756
515 2547
128 233
1912 995
1954 1958
1754 1358
1986 1995
2365 391
389 1743
36 1505
1169 853
1904 1360
1986 2009
2178 737
306 1346
157 1701
1566 2071
1568 154
2183 525
401 54
2423 304
915 2415
1302 1006
1201 457
2604 127
1062 962
2332 1125
2415 2597
1154 957
2208 1483
2569 477
1338 2385
1650 1113
2599 2555
1358 1722
1914 1464
2284 1901
2153 1224
132 479
2182 239
2573 2570
731 2199
456 667
165 598
2460 760
1546 341
1580 2199
239 65
897 1494
963 258
2122 627
80 1117
1160 38
1437 1688
1737 64
970 1358
461 1203
1409 1827
1761 1358
1013 1403
728 1070
2116 356
2170 2171
482 218
455 2486
846 273
2185 1133
1737 1169
1131 836
1008 1922
1413 402
1810 1809
88 1394
646 119
1500 1133
525 347
1216 2503
496 992
2556 1610
1805 109
2578 27
1599 1199
1945 310
1805 306
581 1616
1520 1750
1013 506
1332 436
411 1096
88 2010
1351 1362
2515 1154
1984 1529
1540 525
1984 651
224 1810
1657 2686
1986 1991
489 1358
2667 2076
406 2505
73 1358
1171 1092
2474 243
1894 1149
2383 893
650 1685
2083 1550
973 306
354 1803
1605 1950
961 799
1224 1975
1922 1416
660 1623
2371 2367
1370 2485
1577 1055
1534 1082
733 1817
308 1253
1524 1693
1869 2309
842 2016
1653 1369
1111 2126
120 2405
848 228
1416 1008
612 2235
1725 59
1870 157
1346 306
1899 2491
180 790
1101 374
81 347
701 2062
1701 1323
1042 485
2597 1358
2450 1412
89 258
1299 598
1212 1701
507 40
1177 877
1478 1072
2372 2359
2495 833
454 2188
280 2155
565 1038
512 240
1542 1939
736 95
904 541
1314 514
73 1035
1919 1914
426 109
1901 2284
4 1256
440 2179
1334 1542
2399 2240
1738 2365
2 332
171 1548
559 1182
324 2156
2359 2372
372 2377
1998 519
580 744
1824 360
577 2351
74 1416
784 1701
315 423
1620 2450
826 490
471 2013
1441 590
2247 2246
1889 2034
447 2638
384 1624
1986 2008
1355 1957
1894 770
1905 210
2681 2683
145 144
548 2138
1731 1358
1068 1015
268 2451
524 979
1257 2671
2570 1151
1743 704
1658 88
943 1196
1633 1096
505 1251
2396 2394
1914 955
1778 1624
2077 14
1222 925
2227 2228
1668 1527
2268 2291
305 1416
24 17
633 0
88 130
457 51
2246 2243
1249 2558
2707 165
2259 2335
1966 1703
17 2140
1189 1136
114 2506
873 261
2485 1851
517 2105
397 2329
192 2472
645 950
2165 279
471 1013
2459 2689
1357 2025
2559 2308
2327 1778
589 121
1986 1987
2083 2168
957 2083
279 304
1884 249
1072 958
1847 1013
484 1775
964 736
429 2041
1015 2263
836 1343
2045 308
565 1361
2009 745
2279 110
1624 317
1933 251
1780 1773
1254 657
286 442
1506 1229
1283 1776
552 524
158 2034
871 2652
678 733
1135 2678
1467 2172
2241 1191
962 1806
1801 2451
2236 151
1995 553
623 2289
1312 1313
733 45
2203 2511
1508 1894
277 160
1175 987
385 2484
2016 88
2343 2344
539 711
1029 2166
1944 1945
1947 1950
2071 1592
1534 1428
1003 2607
2438 2437
1676 1501
472 844
2484 2483
1358 1038
1405 1508
1303 979
1790 103
2018 1658
1012 1336
2296 2230
1279 901
755 1898
1598 640
145 1165
1580 1892
1908 88
603 795
2451 2390
905 1620
657 867
415 1174
1309 1625
2447 2446
1623 1779
514 1314
348 320
1811 1822
2336 1202
864 104
853 1169
2601 1488
1946 1950
2451 1757
1623 1772
1959 119
1469 2590
123 2455
1739 1766
1599 2614
2307 1067
543 65
1577 1542
1358 1070
2080 1367
318 109
898 1835
2376 1143
2114 2509
2217 2164
1169 689
33 1051
661 1885
799 961
1623 1781
656 2090
2025 2026
1776 1735
2466 2279
160 277
1799 1701
2093 831
2270 2269
353 202
95 736
1284 1358
1903 709
2075 1020
1978 621
1739 1709
1327 2161
1358 1728
2497 703
1572 236
805 2236
1567 722
2498 1484
665 576
2636 2693
2358 1469
277 973
306 308
2027 1239
998 1431
1663 2577
2448 762
1118 1416
1855 1701
1628 1540
2083 505
1358 1741
578 1974
306 2046
1868 766
8 281
525 456
650 819
1635 1628
1750 1766
2034 141
1063 1518
1902 264
831 1733
1158 121
2379 1107
1358 1715
2473 217
139 660
2231 2292
312 1740
1432 1054
1795 1794
408 315
2555 1728
1682 2189
231 551
1692 2187
1050 1230
52 2172
2025 1110
2214 2216
2279 565
2077 1020
1072 1802
1687 28
1300 1933
701 129
1909 1131
2029 472
564 1262
2196 1631
2187 1692
1527 1668
1985 437
239 1069
2133 2182
1358 1752
1781 2107
1829 940
444 488
2135 2282
902 1284
1587 2154
599 1271
2325 1991
1245 2080
740 2033
1742 1427
524 2476
2238 1703
711 1285
792 1986
2458 499
433 436
733 2268
1117 434
652 470
514 1882
1776 2078
598 1297
735 1881
994 1329
1701 1453
2447 1037
2176 2175
2369 2370
1867 2117
2355 94
89 1530
2074 2181
1368 702
428 368
616 2503
749 1333
803 2100
1842 1980
1945 1947
1427 860
449 1834
1016 595
1975 1676
512 172
95 1303
1978 249
306 2090
1110 1120
1358 882
138 1776
260 365
1467 52
316 1297
765 1147
962 1807
2309 1399
75 2223
259 2537
562 704
1378 1544
1809 1806
415 525
2153 2155
1773 1045
2614 494
1494 436
99 122
52 1139
959 2529
2596 1751
661 807
1229 1358
144 213
1873 1820
854 203
1169 524
93 950
1582 44
609 883
279 666
1714 1727
2525 154
1162 245
1002 2034
2061 735
346 1358
2188 454
65 771
22 1702
1483 2113
1794 798
470 1115
2195 663
1623 133
1191 2339
97 661
2346 1469
2021 1628
1005 1541
973 454
1388 2197
583 284
1825 472
42 1372
1750 1765
2067 1477
310 1331
598 1636
1692 2348
576 503
1910 121
1275 1468
39 1634
933 883
281 2247
847 2422
1974 1973
2543 269
629 883
51 2214
1623 1767
1007 1154
2450 969
316 1868
20 2269
671 2025
2501 1106
1907 897
468 1313
2359 797
1154 1714
596 496
507 2508
897 1983
2228 809
1464 1914
1530 43
175 1914
733 1192
953 2566
1902 1904
817 2456
1224 1583
2083 1483
1291 1660
1957 979
2056 1680
80 257
2045 126
1316 17
202 1250
1522 39
2059 146
1182 1183
1531 443
1133 1538
1453 1701
175 2388
1042 1481
2003 2123
963 2401
2015 2071
1543 2029
248 1964
1074 1501
1701 1864
1588 2333
1874 1567
631 567
0 633
1962 1276
1358 30
2439 2652
746 281
138 236
1442 432
306 1045
841 2034
1214 1745
1131 838
1970 271
1074 1675
1692 2186
1225 2579
2681 1449
1389 1358
596 1914
632 1430
982 2176
2080 1770
402 507
2022 454
2608 891
2532 460
1703 1417
397 665
1368 1911
328 1250
2248 1545
2453 1839
1131 436
2160 1328
837 2248
1484 2520
1389 341
1671 210
2376 1428
687 1546
672 376
352 1294
223 1154
741 1282
2157 2160
2094 2086
1913 35
392 2269
1405 1894
371 720
1677 1309
1584 1367
2682 177
2337 2259
1911 945
964 965
327 1996
1256 4
1535 1916
1358 1709
2554 1136
1675 1914
744 580
526 1216
88 162
1154 1358
704 1743
2376 1202
415 1908
74 544
412 1616
2155 1203
1625 1309
1785 963
334 95
1299 1701
957 1154
2451 2389
248 1531
2304 2385
2080 487
598 165
598 1875
1358 1751
2375 20
70 2184
1043 21
420 1869
2164 87
2122 332
1 652
2671 2675
408 1841
1176 507
1395 2072
1177 295
2045 1337
1033 687
2241 2207
2269 1415
290 687
2114 2519
910 1623
456 1580
1693 965
1703 1970
2034 14
2526 585
734 2056
808 638
864 2210
962 1665
306 1779
2028 2025
918 2065
1698 537
2000 267
1068 810
1219 45
743 745
2141 24
981 1159
1879 490
297 598
2118 229
24 201
1358 957
701 735
1695 2133
598 766
110 2279
1535 2293
2400 43
65 1293
1871 102
733 1329
1973 1976
33 286
1134 579
607 1664
814 1158
2176 1256
2097 975
229 1894
2518 996
542 484
1325 1000
218 781
1731 1717
1050 1569
468 1311
1907 674
1897 1896
964 257
72 1103
180 159
2592 1903
1536 2580
283 1559
1701 1869
2276 868
1986 2007
913 220
1358 101
989 2436
1042 2054
598 1473
454 2189
1677 415
1863 532
40 507
2018 815
544 456
2250 1138
2401 2434
1042 6
236 1072
369 2484
2359 1171
1039 827
2486 1684
2001 429
1648 1210
2555 792
1360 904
2109 1085
2250 1260
1475 888
1196 943
1421 1085
1721 687
1718 1430
2270 2375
558 2585
1000 281
1560 1623
1914 1485
2416 1152
1886 1103
404 1170
902 1604
72 1358
2554 2689
1729 1625
1410 1121
1224 1110
306 1572
1252 2656
695 1012
417 1072
931 1433
722 2501
2275 1954
962 1809
1868 316
2139 1636
210 1906
1568 748
1386 2571
58 1715
1432 1049
1752 1754
775 180
1831 889
2079 126
347 81
1246 857
1551 306
2235 1955
1942 1542
2222 284
1577 1099
1881 735
1215 270
1131 1500
1865 1147
2126 1235
1779 1623
936 2641
2221 2220
1104 597
1526 1879
2582 1166
507 1300
1067 2448
2003 2001
901 2199
2306 1818
765 640
877 1413
1894 536
1656 306
175 596
1347 1997
2405 483
1657 2688
460 2532
558 876
1049 866
1798 1656
1171 1295
1110 2295
40 866
795 603
321 1083
1924 1927
203 854
143 316
711 2112
450 2538
2580 972
709 1903
1262 189
1103 53
1701 1241
900 639
2610 1049
577 870
2382 1158
1624 1780
195 94
510 1131
1903 1960
2282 816
1895 1566
175 955
1408 370
1313 468
2577 1663
2203 2330
2134 921
1783 1623
1852 2045
903 446
827 1039
173 1586
2596 1589
1581 310
2361 606
1483 1726
1623 980
1482 2132
1735 1412
1705 1624
2348 2001
281 2244
714 48
2317 25
2348 1692
738 1927
137 2504
702 1368
1358 1738
498 356
2204 1952
1417 529
22 1703
1817 733
2450 1743
756 1472
1588 2055
2243 2246
1927 1930
878 885
1169 1358
1308 1229
2034 1336
1367 2143
335 1701
487 426
1119 1111
1013 1644
1746 1281
2058 635
533 2466
1701 1875
2121 2122
240 172
2528 826
2107 1781
91 2123
2001 2348
2023 1512
374 1101
2491 1899
972 2579
438 718
466 2546
482 2308
1183 472
1042 2333
1940 507
2002 2379
1692 2346
1898 645
790 482
1702 22
1652 604
733 401
2309 1869
1758 464
1787 109
1013 836
1864 869
310 1272
2454 122
1986 232
2351 849
1063 394
95 2182
1408 1829
1842 1979
2024 1332
1714 1169
1118 2155
392 128
1179 410
2086 306
1091 982
876 834
970 2365
849 2351
1369 1530
2160 1698
1682 1012
1358 73
61 1309
2119 218
469 2304
834 2168
897 1152
318 2045
704 1483
822 702
45 1986
2034 1273
208 7
748 1374
1683 2132
306 1483
2306 2305
1835 2160
1115 2276
1623 887
1846 1867
1742 1758
1300 2508
306 426
249 1884
553 745
978 998
191 2385
1167 1070
2102 2385
591 1078
1065 1096
2168 876
1816 1810
1358 708
661 1353
2444 1710
2198 751
627 2122
606 1666
504 2394
1169 2476
1681 1012
1923 1927
1158 814
366 553
1701 215
1042 1517
454 1917
88 2017
730 398
45 2667
1463 2133
142 2181
1345 202
982 2175
764 796
745 1986
375 2401
2564 1451
1969 2238
1705 2081
1178 2350
68 1358
1964 1965
92 1836
48 1666
558 1189
1311 1312
104 401
2258 1290
2184 441
1463 2131
469 620
2045 1651
859 762
88 1732
51 457
2227 266
157 1870
1722 312
1472 240
395 2367
1765 1755
1042 2051
2365 1709
544 74
1505 1624
2043 429
349 2427
519 836
1813 1810
1538 1133
73 1751
656 306
109 2093
1621 1424
549 1497
486 2668
1882 661
1558 1014
873 1708
1986 1989
536 1894
2470 1475
436 885
2648 2473
2632 2539
1527 88
1358 616
2249 2518
1342 1050
2648 1532
308 1670
952 517
415 204
1258 505
693 1851
1358 1189
872 1340
2476 524
2215 1724
820 800
2434 1087
1928 1927
1080 738
771 1156
111 758
2059 718
2117 1894
2439 867
1358 341
1819 1581
308 350
1061 2376
455 2147
441 129
2423 518
225 2255
733 435
1271 2367
2036 2034
45 2668
1358 1760
441 2184
1551 126
577 1063
109 1779
1784 2096
1488 1465
1959 132
1332 2024
2306 2552
2078 1776
1200 1502
1807 962
1484 299
1378 2150
438 787
1255 2248
124 2478
2700 1151
360 1409
609 2448
368 1545
2249 2130
1868 1701
1782 1772
2148 1242
1602 2073
1095 298
760 2459
1131 2283
2608 1900
792 1558
2387 1406
2500 722
2022 323
346 999
2566 2565
1481 2335
2155 749
752 957
1958 1881
125 2363
2339 2340
211 1394
2120 665
2115 2519
112 487
1718 1358
751 736
1998 2326
770 1894
1426 760
1871 1701
429 196
201 24
1117 1628
1421 2394
429 2043
1554 2687
622 1951
1801 2203
2046 2045
1015 698
1296 728
1042 901
1701 1052
2056 734
210 1905
429 523
21 1043
1311 468
2564 1380
10 476
456 2054
266 2227
736 2197
1577 411
1343 836
1292 689
1108 390
62 485
1353 661
588 33
1072 1784
910 306
482 1807
2238 152
737 1974
148 381
1152 2155
1733 1358
712 1464
1973 504
2634 2635
218 2091
2347 544
1229 1254
39 1349
1764 1358
483 120
1592 2071
552 1358
1432 1950
315 408
507 1936
1441 1700
2281 2405
958 1798
1025 1042
1620 1358
2001 2121
973 1072
1089 2086
532 1701
1441 454
2291 1265
2213 51
337 1358
2556 626
1430 632
16 2642
402 1940
436 1039
728 644
496 711
449 73
1921 827
447 56
1882 1309
1370 1919
1284 1103
484 1699
753 1269
1958 735
454 118
2513 1684
611 2690
1033 2168
1914 1539
2065 918
1720 1358
173 1033
20 1072
1914 1676
2553 1368
651 885
815 2017
2133 1695
733 2035
286 698
1119 1462
933 534
1527 860
1183 1824
1890 1889
1229 1308
30 697
1846 2357
1693 1391
1959 2621
1610 565
332 2
804 1307
2221 2507
2075 2077
2 1986
1086 1124
1469 2358
388 2497
1152 1927
2419 74
2344 279
2493 2471
2394 1085
2227 1630
1608 546
334 693
808 2383
1002 740
2163 1348
417 2494
369 385
285 502
946 2623
490 1981
2 1666
314 1623
234 610
495 1328
1674 2608
546 1608
1334 1577
2002 2001
2515 2514
239 1759
2113 711
91 1046
1689 156
1015 1385
2156 2024
2124 1119
878 436
2029 1579
1257 2538
1485 1914
1464 262
586 1218
969 1735
211 164
2125 2124
1713 1898
1223 1116
469 2412
1202 2376
1889 2039
2338 1558
1560 505
139 1623
113 747
1358 1716
1667 651
758 2492
1269 753
1404 2375
111 1169
1416 1468
1441 371
2412 1997
404 1476
2065 2067
1542 776
1370 779
1496 974
2224 2226
231 232
1810 1818
2123 2122
968 1603
1812 1986
1198 1042
2558 626
1950 1605
541 1896
1681 695
1296 440
1358 72
459 109
112 1623
109 289
802 1307
874 1701
2177 2371
610 234
565 687
1622 2425
507 254
1926 1042
1701 143
1358 1759
801 1470
2197 736
2425 2099
1810 1812
735 739
1343 1507
879 1558
687 2372
497 2419
1988 1986
693 763
922 1307
1968 1703
306 1072
227 534
1876 1701
2516 801
124 1622
1358 853
139 2045
2604 99
1358 1710
1483 562
1124 1086
2662 1001
1013 1850
37 60
1224 1660
738 405
1972 1402
915 1035
1652 1848
174 1358
2384 1655
772 908
1939 19
478 1978
2221 1148
2471 48
1787 306
300 415
2222 75
2182 1139
1883 661
2203 1279
1354 1183
1765 1719
1162 1510
1765 1520
1703 22
105 1721
139 103
1840 1377
1249 1483
2564 1050
1358 357
673 1907
2498 299
1381 798
2304 733
2291 715
584 2463
1425 1618
2265 1322
1607 1542
1103 1718
1614 2034
299 2386
2051 1042
1888 1737
1251 505
95 2183
2176 982
441 70
1888 1887
88 737
109 236
2355 2357
579 1808
2583 247
1963 1962
56 1849
1413 338
1623 384
1095 230
1358 1749
1296 1913
88 743
1798 329
2161 1327
1950 1241
2054 2133
1136 2359
1245 542
1877 1701
11 1839
1183 1182
1127 745
1724 2216
1780 139
1786 1624
1065 401
1374 748
1182 1579
1961 703
1708 1358
1745 73
228 1721
1085 2109
1261 2130
399 133
407 409
2140 1301
1655 2295
1732 1224
711 539
2037 180
1623 112
1931 1413
722 1273
1194 368
1735 969
2213 710
2147 455
453 2305
638 1773
1693 2408
1976 147
116 1501
1738 1358
1810 1299
1860 1701
1146 1506
2117 1508
2067 2065
1602 2054
2043 2406
428 996
1873 1986
1810 13
231 1868
2446 609
1710 687
1533 492
1993 849
1810 1811
232 869
55 651
1333 2312
1431 998
87 42
1139 52
1070 728
679 1395
967 2659
393 739
1453 1986
791 2034
1264 443
1156 65
118 388
1986 1992
232 1986
2092 109
129 701
447 1616
255 1266
661 935
665 332
59 1067
880 1013
1352 506
779 1919
1256 595
261 1894
202 1173
2085 306
2627 929
877 1300
1343 255
1414 2270
193 458
844 472
1338 1912
429 86
695 948
670 267
109 2092
2130 691
945 2388
1736 1763
1042 1628
797 1358
45 2303
1999 818
1616 56
2580 1536
1925 1042
448 1826
1133 1500
2444 1742
1745 1589
1407 1263
1997 1347
2248 2249
1542 1300
1358 244
700 1691
1084 1213
1819 1810
1308 1254
1067 1830
1416 6
2058 2150
888 1475
1734 1358
1358 1754
1810 1815
51 710
2615 332
399 2107
147 1519
1358 1492
2076 2077
1752 1358
2159 2157
757 1284
1213 1084
733 2304
2060 735
2071 725
1944 1946
443 1264
1235 1119
176 973
2242 2539
1413 1934
1358 364
2671 1071
1041 1358
1339 154
313 2296
88 1527
88 1677
1986 968
1800 852
1841 736
1336 1797
743 1239
626 2558
1979 2405
1662 1666
2437 167
607 298
2561 2560
1748 1281
239 910
1232 624
2132 1482
2063 327
1546 2169
1904 1960
1639 2679
783 1143
1370 1525
1358 34
1834 372
724 2394
507 1941
958 1072
1284 757
281 8
609 1041
1839 2424
2181 2196
2571 1386
2034 2035
1053 1405
1554 1657
2095 135
590 1441
2218 1459
1325 298
2446 1427
109 426
1358 1546
91 2380
2195 1333
1641 2495
396 1988
2085 2089
854 857
220 376
1899 645
1975 2110
1358 524
104 864
171 775
1795 1796
1960 2491
1978 514
1137 725
1520 1103
806 1383
75 84
816 120
1366 2248
887 1623
411 1488
1627 1308
2393 368
1501 1399
1741 2593
11 1655
1191 2241
2691 206
1689 155
2309 1021
2376 813
1257 2679
290 1765
69 2189
2244 2243
483 436
1826 264
963 1141
504 2396
1628 597
1041 1243
734 408
2304 465
1473 2706
1351 907
118 842
1654 835
1300 1542
1997 1986
1450 1225
1134 835
2382 2383
951 328
1975 1973
1721 1761
306 2089
2331 2329
1810 549
1287 1358
1470 1953
427 1528
1842 2405
398 730
126 306
2152 2385
1367 1656
1756 1632
30 1416
1343 2165
466 1358
308 306
1579 1183
891 645
2175 4
2464 584
1503 1502
340 584
2706 169
2674 2675
1586 2168
1174 815
1221 1577
1894 1655
2047 294
806 403
201 297
1770 1245
1616 447
175 2217
139 1780
1882 88
95 2199
1624 589
1810 27
300 634
1810 351
584 340
306 1782
787 325
444 2464
1369 1653
1990 1986
2068 1377
1359 2480
109 459
1131 2282
2045 133
442 196
2440 867
2052 1042
519 306
306 887
1015 2262
2227 634
505 1304
2063 1325
2497 388
2414 1200
1036 2562
1309 995
1975 1421
487 859
1874 2501
687 1725
88 1713
2699 2630
1502 1382
137 2144
704 562
641 2704
1978 436
2395 724
1997 2412
2089 2085
243 2647
1794 1381
812 1542
1284 998
1169 111
1889 1892
2176 1016
1219 994
744 1154
1986 1870
306 1651
1355 1171
565 244
306 302
719 303
1282 1483
1103 72
1257 2677
2016 842
1541 1005
2073 901
2206 1952
153 236
480 1710
2013 88
1701 1334
553 160
18 1560
1740 1035
316 1073
279 2165
331 2480
2490 94
1118 1042
2656 2522
310 1948
2257 1728
1421 2110
1358 1287
734 2277
1325 327
2081 484
928 2063
1119 1663
1501 1074
921 2134
1441 648
1269 1227
2083 367
387 519
1969 1703
240 756
1580 544
1358 1729
2564 194
2675 2671
659 354
1351 2134
1579 47
1841 2056
2014 88
1224 1131
790 180
877 1176
2087 1335
2014 415
911 1534
1824 1826
1110 2025
2034 49
2096 1009
862 38
2358 2349
773 1505
1443 2645
109 176
299 2498
306 294
1772 487
2224 84
1229 1749
154 819
2243 2244
394 1063
1309 1288
1701 1075
595 2176
109 1789
1567 2500
2225 583
808 924
924 638
689 1358
2349 1498
1041 1466
1799 306
1003 1373
59 1287
1669 2332
1062 1810
296 732
507 251
458 1555
634 2227
553 2009
883 933
1135 1071
2166 1029
1016 2176
1986 1996
1208 187
1735 1776
1358 929
1025 373
441 1455
2645 258
101 281
281 1382
598 1864
29 963
603 716
604 1914
456 2199
1792 581
409 1624
764 1612
323 55
1839 2453
2003 1986
2612 1516
88 1309
1554 2688
1878 2256
302 1158
2109 1421
457 2216
180 2076
2560 2561
1650 107
1013 1625
499 2457
306 452
710 2213
436 1978
600 2394
69 1914
576 2348
733 1160
343 1701
2296 313
927 17
1224 1848
1487 2137
1358 1748
1127 1986
1303 95
1564 1786
2198 1042
669 1086
302 719
639 900
1701 1799
505 1779
936 2515
558 1706
155 90
1604 46
2350 1529
693 95
1498 2025
2187 172
1842 1655
910 139
925 1222
836 2078
1962 1963
1950 310
638 783
2055 1042
213 2192
1294 733
1593 537
1628 142
350 2085
1758 1358
843 548
1103 1886
1664 2147
306 2078
1615 1665
1576 1810
1358 1708
1929 1927
189 1509
2606 670
581 118
1912 2103
1782 487
1369 1094
893 1051
1825 392
1739 1886
1153 1401
1913 440
118 581
2359 1189
1013 1845
90 1358
1618 1425
1300 251
2145 18
1189 73
857 203
2600 832
1098 918
562 1735
1585 1401
955 1914
252 1973
1914 596
1072 1803
2034 2040
1611 1462
2394 2228
598 2138
2385 2103
2303 733
1784 133
190 491
37 2427
181 1013
1804 1546
311 1865
1215 1131
739 393
1906 1907
1093 1598
2052 544
2147 2146
702 2101
1358 337
423 527
1628 1139
1101 2146
2297 1796
1415 371
2588 2114
833 2495
2202 736
1158 302
1112 954
2671 1688
1926 69
1986 2003
1395 948
1013 1120
2539 237
2344 2343
105 2476
1238 154
1416 1924
229 2118
1380 1379
1251 1448
1842 816
1608 2124
1224 1587
2234 1515
606 2360
2446 1749
1704 383
2109 604
1949 1221
756 1692
2169 1546
1395 2189
300 88
603 1248
1842 120
1083 1232
306 542
2380 2123
1749 1742
2500 1567
306 581
1501 1676
1871 417
1933 1300
121 2252
1856 306
1312 1311
454 581
1986 1127
530 1013
1710 372
640 395
796 764
135 137
267 2373
36 1552
891 2608
2199 2200
1401 1153
2269 1903
1510 2387
2144 137
1590 794
1701 1871
2506 114
2139 24
1269 2227
1667 162
2673 1257
222 821
2492 301
88 2013
1287 481
437 1985
867 2440
926 1862
2394 1027
132 904
1623 1560
2313 1708
2394 1174
105 59
937 1304
37 1190
1336 695
1902 448
703 1961
2335 1481
2034 1891
560 2526
1632 1756
2667 2075
1952 942
2320 1681
722 1567
567 1262
1304 937
1436 2259
306 2045
766 1868
1441 241
1322 63
898 2160
1830 1067
764 1358
265 1441
2441 1229
2168 1586
1701 1866
1701 335
2169 683
2001 1986
1340 872
88 2015
867 657
1358 1339
1416 1602
1549 2286
1979 436
1701 874
2344 2475
508 2325
1853 1701
306 1781
240 512
1955 1168
778 1370
377 678
368 2249
718 2261
1517 74
2675 2674
2440 1229
1292 1358
2130 1889
120 514
1836 92
1273 1111
1914 1849
1957 2630
609 1358
2466 1758
1759 493
158 14
360 1824
2247 2543
415 851
487 1772
407 1682
127 2604
86 1336
113 540
1973 252
2463 1157
432 1597
1623 1773
2129 2128
95 734
1600 1059
1647 108
735 1237
175 41
2435 2401
1061 783
1772 1564
2634 2636
2391 2390
771 1080
1646 1358
741 1088
2657 1642
2482 167
1671 1614
2451 2452
1358 1747
1701 1853
1920 2653
1042 74
748 1145
571 696
2045 1787
89 884
2107 1505
1986 1876
2614 9
627 2238
2138 598
1478 694
1911 2553
2309 1268
783 2376
2448 1041
1505 2107
2616 64
1919 779
1262 1509
1458 982
1316 1679
2534 729
1259 356
33 2121
1203 1410
201 598
411 2609
1080 61
687 1610
1701 205
34 1358
737 2136
306 1856
1542 918
2041 2034
1981 490
1230 1050
2353 906
1020 2077
1444 1358
2247 972
973 671
1681 948
999 346
218 1348
779 1224
1826 1409
1358 1154
1185 2358
1278 2306
2001 2378
1224 779
2155 539
2055 1628
1812 2034
1109 2671
1813 1424
2491 1360
1544 1378
338 1934
603 1821
1450 1083
1653 89
828 2464
1862 1701
2399 43
2314 767
2367 2177
2356 2355
2126 1608
1765 1358
111 1358
1912 435
337 1499
1542 297
481 1287
1701 158
14 2077
1111 1119
456 95
1046 91
1362 1914
1534 1429
1473 165
1766 1739
1791 191
733 794
2082 133
839 2277
448 472
2080 608
1701 729
1623 608
1867 1846
1224 1370
908 772
1894 1508
2603 2602
312 1610
2706 2707
1048 462
472 448
1966 94
1975 1224
465 896
1042 2055
1818 1810
1090 1598
851 88
1592 1914
1959 904
269 8
1576 1331
2017 2467
2041 788
807 661
1399 2227
2268 1278
1062 1192
2180 81
2136 1671
1358 797
567 1513
1464 1013
172 2187
1495 645
1623 153
2224 2225
2290 444
1097 857
1128 1441
2397 2394
118 2165
699 1701
1038 565
1973 822
701 739
1370 1975
223 744
735 2060
2177 2367
1358 1755
120 816
109 102
1729 1358
2204 2521
167 1056
74 2052
2607 1003
59 1627
2214 51
519 387
598 1107
110 567
2138 548
1810 1787
2282 1655
1810 962
1693 1524
1851 2485
81 423
2016 973
2114 386
55 787
1960 1903
2280 270
541 904
2484 385
1603 968
998 1103
1538 1131
924 2383
1460 2349
1420 2396
1569 1966
2527 540
789 1240
1734 1169
95 2181
1742 1358
320 348
477 2569
1919 1370
516 1882
980 1367
1398 565
2101 2100
303 2143
458 125
524 552
1413 776
1917 2457
1143 1015
52 1467
2245 2246
1339 1753
451 671
83 2581
1499 1214
1618 1143
2308 159
1837 1330
950 93
2593 1741
1022 1276
1206 2671
887 306
2137 1671
2144 2145
2227 1399
2064 1996
1709 1358
1608 2489
1013 1842
665 2120
2533 1201
1171 687
89 1087
1003 1687
2072 1395
2232 1376
1870 598
434 2408
1526 2425
979 524
1701 1865
1358 1243
1317 796
2292 2231
485 62
548 1523
682 1224
1291 1224
2180 2183
567 631
1148 1317
415 593
1788 1015
2136 1655
1570 571
1119 2126
954 1112
332 2003
53 1739
1351 604
1151 2570
821 222
306 139
163 47
170 1067
776 1413
33 698
2669 592
2671 1135
1967 275
737 1630
264 472
18 2082
953 2565
267 2000
2243 1107
563 1701
1993 1986
2359 290
2175 2176
694 1478
1143 2262
2394 724
2663 1605
2146 846
2118 1894
1567 1654
1128 1954
1549 1901
1986 1574
123 2604
2389 1740
143 598
2613 1095
1675 1676
817 1763
1782 1623
935 854
583 75
559 1579
1517 1042
919 1358
507 253
1022 1963
1358 289
74 1118
487 1773
2472 456
1424 1621
831 2093
1010 443
893 911
1921 315
1701 1868
2501 722
997 182
1916 907
38 429
1046 2587
2508 1941
1361 1528
2113 2450
2199 2201
282 67
1776 1499
173 687
530 2094
2130 2034
1986 476
1718 2685
1358 985
1896 1897
1373 1003
564 189
2238 1702
1380 2564
1107 598
2197 1388
1409 1828
1013 908
845 766
2412 469
816 483
33 2119
1417 1452
1752 154
2122 665
1013 1844
2056 408
1358 346
1359 2278
1300 877
2051 2364
1296 1911
1861 1701
2240 963
452 306
1927 1435
829 1816
544 2347
1187 895
2645 1443
1773 1780
102 1448
2676 1439
1054 1432
1413 1933
505 406
1960 1360
969 1483
1701 1863
815 1344
773 1072
2235 676
279 270
985 848
2103 2385
347 408
1750 1358
2034 2039
59 105
2030 903
1957 1441
981 1221
1200 2414
15 1090
681 1171
298 1095
676 410
783 1061
1775 350
2055 2198
739 1958
105 2651
1858 899
896 465
1358 1732
1415 370
95 1580
817 155
873 1358
133 399
1702 1365
1701 216
1390 2681
1536 186
87 842
1167 643
1098 2067
2001 2380
708 2212
1671 2137
416 1701
1072 236
2666 2665
2465 515
1131 1133
182 183
856 2248
2592 793
737 88
2570 2572
1159 981
2178 76
26 2455
1035 1801
749 2155
344 2323
1119 2125
899 1858
2182 2072
518 32
357 657
1765 290
1299 1810
2330 861
835 1121
1957 2241
456 544
334 1013
75 2222
456 2347
1989 1986
306 1771
1065 104
1358 819
304 1857
1842 1538
1627 1229
2351 906
2456 817
1973 1683
387 2191
2144 2504
348 2250
399 1089
1250 202
1932 402
411 1577
1109 2675
1998 1197
739 735
1701 1636
1171 1855
1944 336
2394 1421
2077 486
1804 1072
1929 1268
1441 1957
2388 945
1004 1810
153 109
1745 1358
1964 1906
1154 1007
310 1944
1553 1827
2147 2486
625 1024
1102 2290
1701 1862
2067 1098
1358 1516
1552 1505
1714 1358
426 306
1124 669
147 1976
1131 2185
1772 1782
823 2221
253 1413
1174 415
1914 1525
1076 116
1670 133
1643 348
1316 927
891 1674
867 2439
2567 2565
2269 1619
1421 1420
412 1849
2434 2401
89 1653
766 316
819 154
957 2167
1991 2325
1147 1598
2198 2182
1916 1535
1772 1623
1376 239
482 1814
800 1834
1659 1629
216 1701
1882 514
2485 2050
1703 789
2388 728
2182 2131
2240 1530
1902 1478
2280 242
1716 1214
1592 1351
1553 1409
2330 2203
833 178
577 394
741 1011
482 2307
249 621
1115 593
454 973
955 1482
1505 1801
1595 2246
2562 1036
1911 1296
2197 734
76 2018
588 2383
2451 2392
2530 936
1123 1358
1665 2034
2312 1333
2339 1191
1120 2194
1577 1054
1713 1696
520 184
1864 598
1527 331
81 2180
428 2671
1297 766
1394 2137
1386 727
2276 1115
2388 175
180 791
889 1832
2451 2391
1701 235
1169 188
1829 1826
218 733
1041 609
2387 299
270 1195
598 1823
1919 778
1385 714
1620 359
162 323
1589 2596
1370 778
1072 1805
2394 2396
720 1441
1862 926
1947 1945
1346 1670
251 1542
80 2049
2452 2451
1125 1042
95 2074
1070 1167
279 32
1741 1358
251 1300
1358 1550
2668 2667
2319 1681
2025 1120
157 598
1319 186
1682 948
109 563
699 2045
2469 1475
2143 303
2180 2182
1196 1061
482 2230
297 899
2364 667
165 2706
372 626
49 1666
1419 529
843 2339
2238 627
2248 837
2353 577
1111 2125
1414 1415
1174 162
2282 1351
457 2215
1902 1360
640 1598
2091 218
238 1828
1416 718
1320 2684
731 901
807 1955
1158 589
1920 1914
1045 1571
1719 1358
30 1358
1387 1190
87 2164
1366 1194
2326 878
2535 2534
2387 1510
2570 1386
164 211
444 582
1986 1453
2006 746
714 148
2112 1690
2409 1057
117 259
436 498
1721 228
2406 523
942 1952
2455 26
1483 905
2302 1692
2427 2428
2041 429
841 88
1807 482
2080 1459
1826 1408
2662 12
14 2075
1761 4
962 1808
1358 170
284 2225
2367 894
110 1599
2215 2216
36 1640
1634 82
2178 415
756 512
1765 501
2137 1487
649 1457
2534 2535
2442 657
2360 27
1358 1292
152 884
245 1162
2476 1721
389 2450
1169 1731
1264 248
200 2676
1337 1701
1601 1750
1519 2335
301 2492
1229 2439
2484 369
2671 1206
88 2014
978 1358
1403 1013
1992 1986
2157 2159
613 341
826 2287
27 2360
861 1397
2356 934
796 1103
2267 2266
1542 1931
444 2290
2181 95
1713 88
2070 2069
2069 1377
1736 817
95 2201
998 2365
100 1602
1133 2185
795 1810
519 598
1833 1035
1408 1826
2677 1257
1743 2450
1287 1164
1781 306
693 2108
1840 2071
1346 519
756 2187
118 1507
1686 2647
2445 2503
1781 1623
692 2629
1856 1335
285 1999
1705 2322
102 1251
1996 2064
788 2033
2667 2668
131 834
661 1878
2463 340
2045 519
2479 1236
2423 2151
1568 1358
2241 500
118 255
1013 471
1593 144
2199 456
429 1807
1530 1369
1013 1841
95 334
1670 519
1202 1510
587 1032
2143 1787
765 2367
1090 640
1542 872
2076 2667
2248 428
866 1049
2465 2464
1702 1240
1097 1115
2217 231
1412 2450
2389 2451
1331 1810
464 2444
2113 1483
146 2059
2320 1682
1624 1779
2620 1925
2238 2239
1881 1958
1272 1950
710 51
1983 55
952 2546
1725 2597
741 2093
306 1772
429 794
1468 1416
387 231
2430 570
2189 69
1914 778
1677 191
643 2407
817 1736
1327 1328
2395 1501
78 1219
2434 963
95 1535
963 2399
1770 2080
901 2186
1441 2275
1483 306
1190 37
1928 1344
1169 823
2109 1975
651 1984
1224 2151
1986 1709
480 2372
2358 1185
610 109
1658 2018
415 818
570 2430
1358 1757
2111 711
1092 1106
1408 1553
1296 1910
1987 2509
1637 702
1479 873
2652 2439
38 1160
2123 91
310 150
2220 2221
453 2306
389 905
2360 2578
2522 657
2141 2139
525 1540
231 387
963 43
344 854
818 415
2096 1856
1120 2025
1971 1702
971 1650
1017 591
1433 931
248 1264
1245 306
243 217
1769 109
992 496
1207 2290
2387 271
2291 733
1372 1362
2083 752
2003 332
1888 1103
894 2367
1463 1695
1358 1761
1701 1440
1008 2575
733 1818
151 2236
875 1950
1254 1308
306 2091
124 306
2289 444
1228 1536
2038 2034
27 1810
303 719
501 1765
427 565
1744 1358
719 1623
227 883
278 1185
1256 1091
1628 2053
1358 1714
1655 1410
474 1181
473 194
1572 836
111 1762
2018 356
2299 1795
645 1267
1172 467
1178 1529
321 269
1776 138
1609 1790
724 2395
1872 1701
1688 1437
2240 2399
2329 2330
1634 1461
2159 23
687 1171
1857 1708
144 145
739 1881
17 1316
1218 1927
1583 1127
1113 107
2518 2249
1740 2390
1597 320
731 2203
1519 1534
2464 515
624 1042
2296 1134
1274 239
2228 2395
306 573
766 598
1912 1704
484 542
1504 2209
1943 1340
1720 1317
1768 1623
576 1810
109 1998
1711 1629
269 2543
141 740
1027 2394
719 302
1922 1008
1039 436
819 1358
2221 1317
581 1623
695 1681
1743 969
687 565
1221 1949
2306 453
985 760
383 2268
1875 598
2290 1207
1629 5
1630 1269
552 2201
1978 478
1706 2585
1163 1402
2278 850
2049 142
1229 1506
284 2222
1136 2554
2622 145
1416 1118
1814 482
38 862
1452 1417
258 1240
282 747
1474 2335
1946 1944
275 805
2463 89
1158 306
1559 1260
1824 1825
169 1994
502 285
1771 1778
1493 429
90 155
84 2223
1257 2518
122 26
2181 2074
2290 1102
1664 785
230 1095
2270 128
51 2215
1743 1483
2099 1526
1008 2059
2694 2695
237 2539
1336 1452
74 2419
1258 644
1401 761
714 1385
2241 1957
2670 2679
871 657
107 541
979 1957
827 1921
1225 1450
177 2679
133 2082
402 1542
292 2562
721 1034
244 1610
1501 2228
885 651
2375 1404
1623 459
2068 1330
1358 951
1527 2274
2116 1218
644 2177
2420 640
1565 1358
2180 525
1114 2560
824 1831
1160 401
200 1439
183 1837
558 73
2083 957
1737 1209
1395 679
25 1344
1509 1262
2009 160
2048 306
376 220
1371 1393
1685 650
747 1538
6 1602
1444 154
860 1427
743 1570
2499 1117
1810 1095
2021 65
1265 733
1914 1674
213 145
1757 957
1719 1765
863 794
297 185
2695 431
1761 1721
1901 1954
103 484
201 1701
77 1803
1228 2580
1222 1224
1328 495
2044 429
1510 1046
1388 964
1478 1902
614 1475
325 787
1968 1671
1566 1895
1344 815
2432 2431
2686 1554
403 2654
1268 162
2220 2525
1866 633
1169 1145
1241 310
124 109
1776 2324
1810 576
1810 1348
1024 625
2216 2215
2515 936
368 2393
2415 2413
899 1986
1701 1479
1013 334
1995 1583
1701 1873
1479 261
1745 1486
2494 2495
104 1065
257 2180
1598 2367
1780 1623
1249 2556
563 1337
364 2642
417 2034
2199 731
1981 1526
405 1927
870 1119
418 269
904 1360
224 2034
688 492
2442 867
1096 401
2343 30
1566 1732
1756 732
1358 489
2242 2241
1917 1914
1797 1336
2660 1673
1333 2195
695 2319
1358 1483
88 2016
39 22
1303 746
1701 633
1966 463
239 2418
1498 2590
1204 1838
2246 2247
2154 1587
120 483
492 1533
1267 645
353 1345
2072 2182
1224 1851
277 553
2144 135
1001 2662
2034 417
968 598
290 328
48 2041
32 279
169 2706
1042 1025
1759 1358
2587 1046
1156 55
2284 2285
1370 1224
1091 2176
141 1002
2023 651
1139 2054
1007 526
1974 737
2276 1844
279 242
525 2054
2059 405
442 627
2317 1403
2649 1915
2509 2247
1694 333
1282 1283
1107 1810
236 138
2263 2490
4 2176
2262 1015
1273 2124
1723 1358
1642 2658
2582 0
434 1524
2394 1399
232 1701
2034 1894
2383 1484
1618 1015
719 1810
2172 1628
1986 681
907 1351
525 2057
1248 1651
1812 482
1934 1413
584 2289
358 2642
150 310
895 440
1881 661
870 577
467 1172
2224 284
1007 1742
160 1986
1412 1483
650 1756
154 1358
1349 2684
1903 1897
751 734
213 144
2099 490
2286 1901
119 1901
1317 2220
1807 429
186 1536
884 89
797 1833
2305 453
963 29
833 2595
784 960
359 389
2160 898
1986 460
271 2387
1945 875
2327 699
567 536
582 140
56 412
1810 1823
1912 2102
118 1690
1012 1682
1956 1955
1051 33
1739 1317
1701 157
748 2553
1745 2596
1245 1144
1132 311
1941 1542
1358 228
2018 621
845 598
1880 479
838 2280
1618 1789
2139 2140
1223 568
1106 2501
1358 501
1715 58
2530 871
1726 2168
1701 1665
2553 1911
79 603
1628 1117
2548 582
850 712
693 334
2103 1309
728 1296
1217 230
1110 1224
2155 586
2518 381
1285 711
1634 1050
1127 553
246 1358
2155 2153
2595 833
2349 2358
1935 877
1577 1221
2086 2094
1367 1778
1047 1042
1229 2441
1578 2497
1666 48
2520 1484
415 1847
119 379
355 1668
1513 760
583 2225
2059 1435
2189 1395
794 863
2268 383
2541 2303
936 246
2124 2127
1574 1066
1561 102
1538 747
973 176
488 444
1662 2398
831 741
109 318
329 1798
2216 1724
1358 613
2079 236
1469 756
1399 2394
1403 2317
2430 201
1709 1739
1358 626
2363 125
2054 1602
2407 643
859 487
618 938
2153 973
112 306
1654 1952
1472 2187
1952 788
531 2308
1655 2136
1622 1270
776 1542
1751 73
1224 2156
84 2226
1562 1765
1037 403
506 1914
2019 973
55 1079
1750 1520
1630 737
94 934
1849 412
1701 226
565 1723
12 1001
2077 2076
82 1138
2261 1474
1954 1956
995 1309
1950 1946
2133 276
2228 1501
1070 1470
1810 1813
60 37
2221 1739
230 1810
1123 1103
1864 232
415 2014
1435 2071
143 1701
472 2029
2055 1588
608 103
492 2678
1138 2248
284 2224
1535 2155
155 156
1950 1054
1396 2394
816 436
1358 1103
2248 996
1737 2616
1844 868
1765 1492
2096 937
650 1486
2460 1599
710 2212
1482 955
2001 2002
866 40
1280 2612
1834 2359
970 16
1945 1946
211 1909
734 2202
1801 1072
626 2556
379 904
1937 548
1999 827
1475 614
1205 1761
665 397
1805 556
1899 2510
1072 1799
341 1389
1257 996
1067 1216
1120 1110
589 980
1935 1413
2100 803
863 429
779 1592
2351 1129
1912 1338
1685 957
2182 2231
1376 1848
1329 733
1228 186
1441 1954
88 1741
1282 1776
1346 109
1224 778
1284 902
537 1593
888 1556
1402 1482
2633 1563
1049 1894
2070 1377
580 1758
1285 2182
1896 709
1534 1519
2629 692
1086 2247
1185 1992
2090 656
1623 1770
863 38
1623 1780
2186 2199
1103 1284
760 2460
868 838
103 1790
2220 1317
0 2582
1950 1944
815 1174
2126 1111
1598 1147
2112 2436
1701 1870
1343 118
1602 315
836 1572
1624 1788
2025 2027
1847 88
1037 2447
2025 1583
1543 739
1050 194
945 1911
1135 2671
1226 1955
2418 572
1895 645
2155 1118
2145 2095
502 1976
681 1986
788 2041
1257 2248
73 1745
2024 2156
2157 108
1131 1215
2367 2371
779 1973
324 827
1590 863
2045 236
2034 2041
199 1869
1358 68
310 352
364 732
1684 2513
483 2405
1844 1013
1954 1955
1625 1013
867 2442
1628 1635
1022 1961
1730 1358
2651 105
1803 1072
838 868
541 107
781 2402
2123 2380
443 1966
194 1050
1820 1873
316 2004
1090 1147
751 1204
1977 1526
567 110
2162 738
2146 2148
1950 892
519 1670
815 2018
1402 1163
753 1880
1545 368
2691 71
307 991
373 1025
415 88
1440 1701
1967 1703
1291 2154
2405 1980
998 976
1584 306
1937 1938
650 1250
526 565
1701 563
1149 985
1041 2448
365 260
1472 756
1894 1405
887 239
812 251
2706 165
1259 2342
2105 517
1701 532
1000 972
2476 105
1359 181
1078 591
514 478
745 743
463 1964
431 2694
2248 1461
1481 1042
1953 1470
2182 1515
1011 831
371 1415
2445 464
1130 2495
1013 1661
1527 415
1082 1534
814 2382
255 2112
794 429
154 2525
91 330
1269 890
2649 2457
598 521
1542 1577
865 2653
1412 1735
85 2488
2555 2338
1358 1719
2450 1284
2222 2224
1566 1199
95 456
800 820
1136 73
1171 681
1037 2654
906 2351
189 1262
2162 61
526 1007
1388 734
544 2199
24 1701
435 733
1253 308
371 1553
2075 2076
368 996
1218 586
2034 2130
598 2707
144 2192
2114 1083
867 871
745 160
408 2056
1887 1103
306 1802
1340 1413
1488 792
442 2362
1753 1339
1224 2152
549 230
1940 1542
2450 1620
1680 2576
445 1434
2480 1359
752 2083
795 1645
1257 1135
2518 2538
2034 1929
1921 1416
1905 1914
2187 756
2413 2414
1156 897
2493 855
2250 348
1801 1035
2222 2225
534 227
392 1415
1423 591
327 2063
2073 1042
487 2080
1220 239
439 1169
2034 1889
883 629
1731 1711
1914 69
1762 111
906 2353
118 1538
129 441
1486 650
406 134
1307 2536
1045 1773
1420 2394
805 706
868 2099
644 596
1034 721
2450 1077
1042 2198
2689 2459
315 1921
1358 1734
2160 2157
1182 559
181 1359
1197 1998
1358 1565
2623 946
650 2083
2168 1557
2375 371
359 1483
2100 1184
1695 1463
1625 1729
2581 83
1900 645
930 477
1186 2535
609 2446
55 60
2275 1441
1093 599
1886 1739
598 637
213 1593
1519 1015
1506 1146
1096 411
1154 223
987 1175
251 1933
1721 1687
849 1993
2394 1396
1013 1847
1077 389
1360 2491
702 777
1779 109
1765 1040
149 2025
2671 2673
155 1763
1716 1358
1807 2034
2183 2180
263 364
733 2302
1443 2399
1880 1269
1719 1169
154 364
657 2442
557 1725
361 2681
316 766
1046 2387
1848 1013
429 2001
1723 73
706 963
1767 1623
1986 160
311 690
486 2667
2673 492
306 109
2269 2270
1763 1736
2585 1706
991 307
440 1296
1354 2270
205 1869
884 152
364 1358
310 990
2046 306
2346 2349
1103 1760
2011 733
1858 1701
964 2198
2576 2056
63 1322
1196 2300
928 327
2085 1490
1778 1552
255 1343
118 2112
1358 687
1805 1072
1470 801
64 1737
1183 1354
567 760
1088 741
2436 2031
2428 2427
1073 2163
1524 2499
2033 788
1106 1874
998 1284
2238 706
1235 1462
1776 1282
877 1177
2514 1154
531 606
1623 581
2390 2451
1762 1358
735 2061
294 306
156 90
1628 95
94 1649
2365 616
2125 1273
1072 1505
2054 95
2365 1738
2152 1224
1703 463
210 1626
2046 484
0 1862
2385 2102
846 374
2362 442
2396 504
59 1358
529 1419
1416 1925
777 702
1358 154
2261 718
43 1653
495 2192
2371 1147
2359 1136
256 756
415 966
1992 1185
1986 391
1499 1358
732 364
201 2430
895 1187
793 2592
1914 1917
374 273
171 790
75 583
484 103
2139 2141
774 560
1894 2117
284 2226
383 733
379 119
696 571
415 2178
1933 507
596 992
1873 603
465 2304
1628 2055
1546 1804
1358 580
1667 438
1505 2086
2297 2299
1267 1824
494 2614
2539 2242
434 1693
1250 1173
1413 1340
1605 2663
1003 598
73 449
973 1583
1179 1955
628 1764
1050 1320
695 1682
215 1986
751 2198
294 2047
1973 32
1830 889
1409 360
246 936
1624 1705
1257 1206
1966 362
1113 1650
770 2117
2509 1987
745 1995
403 1742
1135 996
1777 1623
1998 695
1386 2570
258 963
1592 779
2352 577
1085 2394
1940 402
2336 2335
1763 156
2266 1395
2419 65
604 1351
296 2685
1986 1558
2355 2356
515 444
1313 2407
610 826
350 656
2409 716
133 1777
2207 979
1358 1764
911 33
630 973
2240 152
330 91
1763 155
524 1358
2565 953
1986 743
1038 1358
152 2240
1050 1342
1166 2582
43 2399
467 1701
2466 1007
1542 1943
2451 268
259 117
1358 173
59 615
1367 2080
1508 2117
2446 2447
2034 1002
628 2546
644 711
2083 650
175 2135
1103 1123
2034 158
489 2391
1063 577
1441 1619
460 1986
142 456
2120 442
1348 2605
207 833
1441 50
228 322
1042 373
366 745
2086 1505
1827 1828
367 2083
2366 1738
1796 1794
1178 1984
59 1725
904 647
661 1045
203 857
993 702
1846 1013
505 843
929 1358
1623 1774
924 808
1810 1808
956 492
2651 59
1672 186
350 308
1107 605
2425 1341
194 473
971 107
2569 930
1317 1040
2563 1081
2062 701
1692 2347
498 437
251 507
1955 2235
1759 239
1737 1888
1810 230
1525 1370
1627 1740
1358 999
1026 1303
1764 628
2625 2626
2300 1196
2662 1318
609 59
2335 627
67 282
1149 1894
2157 2158
2241 1503
1927 1929
1487 1501
1564 1772
1101 509
20 2270
512 1692
813 339
1628 2021
201 1986
1107 2243
1358 823
1383 403
1054 1577
2529 959
423 81
1996 1986
2097 522
2199 1580
1392 51
239 619
695 1790
2316 1343
1416 572
1979 1842
610 2288
1516 2612
1406 922
2088 306
2663 1432
1602 2074
2046 2048
486 435
2122 2123
1103 1520
1377 2070
1203 424
1365 1702
2546 5
484 2046
1776 960
1469 1692
702 822
2542 843
1281 1746
1743 1358
1219 78
417 1871
766 1297
1248 2045
873 1479
1153 258
2383 808
1455 441
1917 454
1170 404
2444 2503
1499 337
14 158
2189 1926
718 2059
250 2429
1583 1224
733 2291
909 445
1277 755
1558 792
447 1849
1072 1733
1623 1251
2631 66
1588 1047
138 306
1542 1942
735 1958
2399 963
596 644
1676 1914
1094 89
2503 1216
149 1080
403 806
2597 1389
2130 983
1440 869
733 377
1358 1646
2576 2311
748 1103
1583 376
914 875
257 80
2673 2671
102 1878
1115 470
755 1277
1777 426
2680 2594
737 1269
470 854
185 2003
1072 1725
2006 1986
40 1364
403 1037
885 878
1866 1701
1012 1681
1798 1584
2172 2182
934 2356
1772 109
1794 1795
2008 733
1216 1067
2472 667
1314 1269
842 161
1279 731
2702 186
1542 1940
869 1864
306 2088
542 306
482 1810
1273 2125
1701 1860
2045 699
1476 404
796 1317
2045 1852
1527 60
2398 2493
2140 17
2465 1102
2382 814
1706 558
1301 598
1296 35
927 1316
1950 1272
1421 1396
1358 156
1849 447
1701 232
893 783
906 577
518 1373
1515 2234
283 2250
1379 2564
2294 1141
154 1339
311 1132
1770 306
93 2151
2297 2298
1927 146
2199 680
598 143
44 1582
1636 1701
1810 1062
1765 1711
2249 2671
2056 2576
88 1288
2283 1382
645 1900
2036 833
768 1724
1899 1902
2181 1388
1052 1701
242 1131
809 548
145 537
1006 736
1459 2080
188 1169
1962 1022
1433 2359
2565 2567
323 2020
338 1413
2481 610
2698 1573
657 357
1358 1720
440 895
566 1986
1701 467
2310 1920
1417 2260
1947 1272
1021 2309
1026 2531
1224 1341
2476 564
212 1290
812 507
1673 2660
167 2437
1532 39
1103 1888
1514 1692
1416 1923
2349 1460
1606 819
357 2652
456 525
608 1623
2385 2152
1344 1928
1856 1701
2164 2282
574 1692
2154 1224
534 933
202 353
1344 25
1400 2698
344 389
1645 1343
2090 1335
1862 2582
2596 1725
1961 801
568 1223
2200 1580
1702 1971
1837 997
1800 1072
1914 1079
1914 1359
1994 169
1040 1317
1358 1742
1701 1820
456 2472
2164 2217
2584 876
1628 525
1317 1720
1180 1304
2467 2017
737 415
1778 350
1956 807
1391 1693
983 2130
2454 99
860 1758
2412 197
1413 1936
1169 2220
2216 421
1226 807
1840 1013
2230 938
2217 175
747 282
2286 2285
979 1839
6 373
998 978
1669 1481
2475 2344
1746 1358
2661 1318
2117 386
1827 1409
1810 511
1969 2236
33 2120
1598 1090
1344 724
1914 175
2427 37
602 378
350 1640
789 1703
1383 806
1169 1734
2207 2241
258 89
217 243
2670 837
1051 893
1740 2392
560 774
380 2569
1769 399
733 218
684 1282
2235 612
1623 1769
2039 2034
962 1810
897 1410
1914 1919
732 2685
354 2453
1722 289
156 1689
1820 1701
2114 2588
426 1782
1914 1905
2602 2603
93 1495
1914 921
2462 1442
623 584
833 1678
240 1472
791 2130
2303 45
88 498
597 1104
1311 2080
239 1909
2546 952
1200 2207
1252 867
2483 385
263 1103
2385 1338
1816 829
2161 2160
380 477
154 1754
718 438
1977 436
1849 1487
73 797
490 1973
2519 2509
2305 1278
481 2291
368 1194
2457 2649
306 1158
1411 2218
76 2178
1358 1730
415 300
801 703
1902 793
691 2130
310 892
507 1176
1919 1224
1183 1579
61 2162
831 1638
1358 59
2127 2124
1524 434
478 514
2144 2329
915 1740
2155 280
2485 1592
441 344
2080 655
99 26
1996 327
554 306
2301 2008
2045 1784
1336 2033
973 2153
1250 2507
481 823
1801 1505
1725 1712
2424 1839
1319 2034
1377 1840
2467 2468
1160 794
1367 306
1056 2482
1580 2200
2580 1228
1042 624
1612 764
1973 1637
1428 1202
2671 1109
1986 215
2193 2194
2056 100
2524 1428
525 2172
2264 1104
2396 1420
109 1785
1941 2508
1953 1555
115 973
463 1966
48 714
1072 1804
1824 1267
1367 1196
2528 1226
1039 885
2401 375
2314 1708
166 2617
580 59
662 932
1358 1040
350 306
1114 1717
2033 1002
2251 2252
527 81
2001 574
1203 1842
2124 2126
186 1319
569 2512
423 525
1147 1865
598 24
555 1463
2034 2036
155 1689
1006 1302
1823 1810
236 2046
306 2084
1013 1729
905 1483
844 1902
1903 793
2282 2135
1610 2558
1441 540
440 1913
247 2583
2336 2524
733 383
1950 1815
1472 1692
201 570
1649 94
582 2548
2183 95
2641 936
2324 1283
2536 1307
1448 2034
834 683
69 1351
109 1787
540 1441
2212 708
1165 537
915 2597
1164 1287
1705 1289
435 1912
1358 1756
597 1628
550 93
191 382
2685 1718
1105 578
936 2530
2212 1392
472 1825
1260 1559
440 725
1013 1521
304 1172
416 519
922 1406
269 418
59 609
846 2146
1431 976
1309 1741
1329 78
429 1618
1109 1533
1097 470
2281 1842
544 399
210 55
366 1986
2589 1185
1263 1407
2082 18
2433 1233
2226 2224
267 670
1650 1360
229 1405
1358 1041
1204 1330
433 756
2045 1448
545 422
748 1169
556 1805
1199 859
1099 1054
1358 1744
2624 44
462 1048
2601 2609
1020 2075
118 1851
2232 315
2256 102
699 2327
760 985
88 1882
1821 598
406 505
1193 306
1655 11
2524 2336
2132 1163
2401 2435
2413 2415
2216 457
519 109
1599 1358
2131 2133
365 2469
1051 2383
762 859
2674 2671
1494 897
2034 1968
1701 869
436 878
258 2645
337 1214
2034 224
2391 489
1358 1305
306 1798
1631 736
645 1895
2270 1354
335 1986
577 230
645 1495
1894 1479
1148 2220
617 2034
1587 1224
1201 2214
2162 30
1662 2381
2182 2133
1379 1380
2065 2066
1703 1365
1535 1351
16 2444
1772 306
1433 1035
1359 1464
1851 118
206 71
2274 1370
1682 2319
79 2097
1740 1804
591 1423
2268 309
525 2180
1483 742
626 1358
1955 1179
1406 2387
2431 2432
1740 1627
729 1159
2136 737
134 406
1889 2130
1725 687
293 2038
41 1914
2013 471
2332 1481
172 512
2219 475
2126 2125
653 1231
514 120
15 1271
415 1850
2115 2117
603 1873
537 1698
1176 1935
186 2580
1834 1833
1906 1964
2665 2666
2209 1504
1785 317
116 1076
2097 2098
179 231
156 1358
595 1256
2233 2182
1185 2589
2556 1249
2418 239
2277 839
1400 886
579 994
1175 2359
2199 95
60 55
1362 1372
2181 142
2252 121
1914 779
2182 2198
1765 580
1553 1408
1851 1224
1913 1296
379 1959
1495 437
306 2086
578 266
1542 1176
2597 915
1477 2066
2473 2648
1678 833
1701 1857
1788 1505
1927 1152
1522 2680
1741 1309
2628 67
1749 1229
2095 109
1309 1677
2335 1474
1572 1776
118 554
1420 1421
2422 847
1767 1783
2271 1441
1848 2419
2289 584
2414 2413
16 1632
1171 649
2304 469
1304 505
1966 1971
1428 1429
517 952
2004 316
114 610
88 1658
2464 2289
2004 180
1757 1358
2295 897
2274 1441
218 1020
1849 1013
1701 1872
1441 720
1154 744
945 1072
1444 1307
88 815
2155 993
2308 531
65 2418
121 1158
2187 1472
1956 1226
1828 238
2031 2436
352 310
2650 960
1001 12
1306 364
1151 2700
854 344
2647 1686
1669 429
1266 1529
109 1624
326 154
1944 352
73 1214
1313 1311
2325 1768
1929 2034
108 1647
446 903
1441 1060
2239 2238
1498 2349
921 1914
1258 452
736 2202
2248 1135
864 1065
310 1949
1118 74
110 1262
2178 88
59 580
1720 1169
2118 2117
415 1843
2073 1602
1799 1072
1854 1701
2551 269
1778 2327
1733 831
132 1022
2 1
1782 2326
1851 1661
684 1358
234 2591
1365 2509
1580 456
1810 1822
1896 793
55 1156
86 2295
1666 2381
232 1864
1120 1013
2182 2180
1950 1948
102 1871
306 138
2117 1846
583 2224
2137 1394
1652 725
2219 485
320 1597
1367 484
176 231
1808 579
326 1754
1616 1402
1042 2052
2123 2001
492 2538
2464 2465
1842 1203
2080 112
15 2367
354 659
2470 614
1146 36
754 1483
1692 756
2643 111
114 2288
1749 1358
2464 444
2168 2083
1009 306
302 350
1765 1744
2501 1092
468 647
1457 1456
51 1392
1169 1737
734 1006
1739 53
1908 1474
130 1982
2668 14
1490 2085
1182 472
2148 2146
2701 2624
1402 1616
826 610
950 437
363 1003
2466 425
385 2483
1704 2077
2675 1109
2435 375
960 2650
94 2355
1844 2276
231 1701
2143 1367
2001 91
756 1469
2034 1497
759 1703
515 623
1157 89
2609 2601
1914 506
1674 891
529 1417
446 118
2138 944
1529 1266
656 350
239 1376
324 2194
1915 1914
1072 973
2117 2118
823 1169
1513 1830
99 2455
1297 598
537 145
373 6
1542 1413
1278 2268
1449 2681
1325 2063
2182 858
211 1908
1101 1242
657 2523
512 1472
329 2598
2035 2034
89 1585
2390 1041
2156 1224
471 2394
1810 1107
1241 1701
1013 1293
2233 2291
634 300
1784 1623
409 2084
191 1998
1622 124
1636 2139
376 1583
187 1208
1742 580
1481 2332
1438 2664
542 1623
1786 1564
1914 1920
1557 650
1248 603
1224 1919
716 1810
142 1628
1358 1717
2045 2026
580 1765
1623 1144
1942 875
1838 95
1117 2499
1119 2128
657 1740
1753 154
1349 1634
488 2547
741 831
793 1902
2121 33
2508 1300
1287 59
1546 687
1429 2520
2538 492
2367 1093
108 2157
1447 1928
1090 15
2394 88
2507 353
333 1358
1856 2045
2653 865
2285 451
109 153
698 33
1692 240
2553 748
1121 1810
1989 460
480 2359
2356 2211
1681 459
1300 1941
2558 1610
2383 299
2110 1975
1623 1783
1430 1718
436 1982
1176 877
812 1413
1619 1441
1402 1919
661 1884
2450 754
1796 1795
1971 1966
1503 2241
1102 515
868 1526
1839 979
2471 2493
476 1986
1624 1787
443 1010
706 2238
2107 36
890 1269
1097 1869
2704 641
73 558
734 1388
2707 598
1303 1026
2191 387
835 1810
88 841
1880 661
1734 2597
2637 2120
2267 1395
1280 449
463 1703
719 306
388 1899
2034 2038
1758 580
2032 1336
425 2466
2168 1726
1725 1072
1610 2556
1419 2260
1791 1197
1349 39
1103 1480
210 1614
2149 374
236 1572
2388 551
738 1080
252 711
1138 2250
1616 1849
1548 790
704 2450
775 171
1262 567
1949 310
1377 2388
1847 415
1409 1826
1441 750
2130 2127
1269 1880
1536 1228
1531 1889
485 1042
67 2628
1778 1623
720 392
2440 2530
490 2105
1373 518
357 1358
1051 911
1038 933
1914 604
94 2490
1376 2232
1008 1416
197 231
303 1670
1092 2501
308 2045
65 239
1561 1623
1839 11
1135 2248
2530 2439
158 180
514 1978
2063 1326
1427 1725
1238 1358
1623 556
1373 848
1763 817
277 1869
1644 415
1429 1428
2155 1152
1065 2211
2485 252
2557 1610
399 1769
258 1094
2298 2297
1725 2413
2604 123
2253 1697
413 374
1889 429
1358 1725
415 1527
620 2534
1079 1218
1301 25
1035 915
2290 2464
2547 515
2442 2530
1309 2178
2048 2046
2226 84
1394 211
215 1701
689 1317
2039 1889
472 264
1950 1947
473 243
476 10
480 1426
306 1656
1358 1718
1358 1072
2069 702
367 2451
1465 1488
1903 2592
2575 1008
2367 395
507 1211
1270 2034
1169 301
1282 905
43 152
1857 304
851 415
1683 181
1701 767
394 849
603 2045
118 2030
1417 1529
1358 902
2443 615
1507 1343
744 223
2359 1433
1761 1256
1469 2346
2034 691
364 1756
1703 963
687 1033
199 420
1688 2671
149 1416
2096 859
894 1845
1224 1732
1755 1731
1443 761
262 1464
2667 1020
918 1098
1417 963
2126 1273
57 2418
538 1286
2159 2160
2231 2182
2141 2142
1090 2367
1071 2671
1705 1193
1987 1986
2553 1470
1826 1827
1742 1007
963 1443
1358 1604
1543 735
2576 1680
647 1267
553 1995
1015 1425
1013 1848
1094 1653
2436 2112
1935 1176
1623 350
69 1926
941 2517
1699 484
1399 2309
1086 669
1830 2045
1571 1045
2268 733
2251 1158
378 148
1279 2203
733 759
1181 474
2401 963
2678 1257
1986 71
2249 368
1072 342
1340 1542
442 286
694 2516
704 389
1865 1701
123 26
281 101
1477 1542
2263 94
1251 306
30 738
1725 1745
2045 1791
2405 816
1692 1472
1542 1334
1085 1421
1281 1358
1358 1763
2344 1080
2248 1138
1735 1358
743 88
921 2293
1012 695
657 513
47 163
689 1721
2108 693
2182 1838
1441 265
1146 1505
885 2386
1829 1408
1483 1620
2143 1777
2338 2555
957 1757
430 2130
310 1815
905 389
836 1131
951 1358
871 867
946 1966
1721 2476
1889 1893
1317 1292
477 930
519 2045
1908 1178
2596 1745
2274 1527
1758 860
130 2017
903 2030
1907 1906
2393 1634
464 1758
1665 962
610 2287
2033 740
2667 486
1475 1017
1202 2524
1240 1443
1395 2266
756 885
353 2507
1809 1810
1498 1469
2701 44
2383 2382
1446 681
2489 1608
1818 2305
572 2025
66 2631
2189 847
809 1115
1627 59
389 344
2440 657
1221 1607
453 1806
1309 415
680 2199
159 180
972 2247
2248 1255
2214 1201
2436 989
1950 336
197 179
1243 1041
887 910
2175 1761
2002 1986
2142 2141
2070 702
2069 2070
2418 2021
2369 2367
1358 333
760 1426
236 2045
246 2515
1725 1427
1047 2333
817 220
2457 1917
1477 2067
577 1518
429 2044
2194 2195
1636 24
2324 1735
2599 961
2071 2016
1265 377
840 1903
1646 1471
1709 1738
1189 558
990 310
2654 403
2534 605
1408 1828
2645 29
704 2113
686 2366
1013 880
1732 748
2179 440
1903 1902
947 786
1051 2122
2246 2245
1093 1090
1841 408
2146 1242
2133 2131
272 2012
135 2144
1572 306
289 1722
623 140
1750 1601
2364 2051
2543 1000
2236 805
2376 783
1623 1776
1843 1013
1884 1885
711 2113
1906 210
1614 1671
1479 1894
243 2474
767 54
1143 2155
1542 990
2387 1046
1740 2389
1723 1724
1986 1873
2181 2202
161 842
2054 1628
691 2034
584 623
875 1945
1214 1499
657 871
1596 2476
1053 229
809 2229
2211 1065
533 1742
1358 748
1542 402
2120 2040
1363 1413
1176 295
2134 1351
1651 2045
279 2280
1826 448
1020 2667
2503 2444
1155 1229
778 1919
1301 2140
2172 525
1583 973
1226 2528
1243 1358
397 879
1358 686
1443 2240
948 1681
2227 1269
1881 1543
969 1743
1186 2574
1351 2282
1761 2175
111 2492
1810 1821
1077 2113
1211 507
733 1294
1101 2148
2034 1654
591 2472
859 2096
1986 1999
2017 130
2250 283
732 263
1636 2141
412 56
551 2388
2458 2457
739 1237
2112 255
464 2445
1026 2034
1787 1624
2599 1728
275 1967
401 1096
1679 2140
1516 1358
2335 151
1054 1950
310 1581
1885 1884
1701 1859
2693 2636
2630 1957
2341 780
1270 1622
733 1062
963 2434
91 2001
1358 1229
2387 638
1428 2336
1432 2663
1519 1511
437 498
536 567
1884 854
708 836
158 1701
94 2263
1069 239
231 2217
381 2518
1623 139
2035 1324
2071 1435
1818 2306
2560 1717
2546 466
1094 963
26 99
1754 326
2113 704
2486 455
436 668
195 2424
1044 713
1810 568
1094 1369
1022 379
22 1234
379 132
1358 689
1793 798
911 893
1701 1337
191 1677
903 2031
1317 1306
1690 118
893 2383
148 378
141 2034
2124 2125
157 2493
728 2388
586 1224
244 1358
2238 2240
1365 1703
763 693
1624 384
1663 1119
669 729
2034 86
2402 2403
1927 1928
1382 281
1666 1662
1810 1819
1973 779
2510 1899
1703 2238
972 2580
1464 181
1486 1035
2482 1056
1806 453
927 2140
515 2464
71 206
107 1113
21 2310
1413 219
29 2645
1704 1912
279 1195
2676 200
1984 1178
174 2334
309 2305
2403 836
2461 106
965 1693
1664 455
598 1821
588 442
306 910
1529 1115
421 2213
1144 1245
94 1966
689 1292
1464 712
2437 2438
2210 864
1597 432
1554 2686
507 1933
94 195
1724 1358
2040 2034
485 2219
233 128
683 834
2034 1665
490 1463
2177 644
606 2361
1273 2034
1924 942
155 817
1046 1510
2321 2266
816 1842
783 638
1199 1566
2205 48
1670 1346
1505 1552
2197 965
702 779
1397 861
306 1193
1116 1223
573 505
547 1701
54 401
1729 1568
1882 516
671 441
1988 396
1836 898
1737 1358
1690 2112
609 534
1756 364
1740 915
31 1594
655 306
2178 1309
1443 1240
2378 2001
454 1441
89 1094
1040 1169
148 2518
441 193
1292 1317
2034 382
2416 2417
2550 1812
148 602
2492 1765
1358 552
1579 2029
1315 1301
863 1590
2176 4
1906 1703
353 1173
88 2178
2326 1998
869 598
778 1914
306 487
60 1527
17 24
2639 917
2248 1071
1624 409
688 1257
2010 118
1955 1226
1501 2395
868 1341
1221 729
1954 1901
571 1570
1986 335
1655 2384
1728 2555
1898 755
1987 2004
1586 173
728 2553
2248 348
1072 1483
1616 2050
2205 788
1215 1203
897 2295
1734 1725
2339 1558
738 30
2394 1420
1607 1099
2243 2245
895 1913
103 139
1705 487
1465 1799
1757 2451
505 1180
889 1830
914 150
1358 1765
1875 1701
988 868
1311 1313
2539 2632
979 2207
2516 2517
1758 1742
831 1011
162 1174
2218 1411
2647 473
904 1312
95 2200
167 168
2335 2259
1224 586
551 231
2167 957
1909 1848
1550 748
1358 2597
1488 2601
310 1947
1067 2307
2367 1598
492 688
1050 1380
1959 379
1907 717
1256 982
2238 2237
532 1863
2439 1229
2076 218
1385 2335
2155 1131
1894 2034
24 1636
505 573
1335 1856
598 1301
1072 773
1094 1443
1871 228
970 364
1082 2386
836 708
2398 1662
2124 1608
1129 2352
44 2624
1583 553
2558 1249
444 2289
2110 1421
519 416
439 1642
722 1874
2224 2222
2351 394
1154 357
381 148
687 1586
2156 324
1121 1131
1045 661
1211 254
1940 1300
2687 2688
2178 2024
1736 155
2278 1359
854 470
1867 1701
598 48
1835 2157
2349 1469
2464 623
1716 1199
356 1259
780 2341
2468 2467
2173 2174
364 970
791 180
441 1537
861 2068
168 2438
1873 935
492 956
2356 2357
306 656
1022 1168
868 988
811 855
565 1528
1099 1607
1986 1023
1575 473
2446 1216
1804 1740
869 1440
2520 1428
742 1743
1366 368
1015 1068
1205 319
2618 2619
1986 1997
1088 1089
487 1705
17 1315
1255 198
1358 1743
2519 2115
1779 505
1534 911
1842 2281
1542 251
2038 293
1605 1054
77 659
180 775
46 2366
194 2646
2672 2671
109 2094
862 733
2025 1357
2654 1037
1773 487
2084 306
2203 1801
409 1681
2538 450
1494 88
897 1156
204 415
2039 2042
1927 1924
43 963
1147 765
1635 2383
362 1966
364 154
1700 1441
1103 1748
2493 2398
1785 808
2447 609
657 1729
2403 2402
1322 2265
594 2195
816 2282
604 2109
578 1879
1708 467
2170 1357
1614 210
2437 168
1722 1358
2236 2237
441 2094
137 2329
153 1623
181 1683
564 2476
466 1305
889 820
452 1623
1245 1770
1702 2238
2394 2397
1787 2045
373 1042
1512 945
525 2182
2275 1128
1505 1146
869 232
1416 1926
483 816
1727 1358
1265 2291
374 846
1330 2068
1203 461
1317 2221
1405 229
1480 1358
1015 1618
2094 530
94 675
1080 2344
1180 505
1334 1941
1358 1389
2266 2321
2635 2634
2329 2331
1171 2359
616 1739
1810 835
1000 2543
1328 1327
934 94
1095 1986
2585 558
1224 2154
2642 358
2538 381
2579 972
1900 2608
2074 1602
2095 2145
10 2545
1542 1607
1358 1766
1065 85
2350 1417
424 436
1831 824
650 1557
800 889
1955 1954
1756 650
1358 876
1661 1013
1016 561
1825 1824
1569 450
1789 109
1966 946
264 1902
1309 2103
1234 1703
1173 202
1574 1986
1093 1271
1384 1358
1030 859
1709 2365
426 487
1456 1457
2130 1891
217 2473
1583 1013
2244 281
1358 1713
1628 1042
1035 1486
67 540
69 1920
645 1898
2018 76
1242 2148
429 1493
2026 2045
1797 2088
1023 2568
142 525
104 2210
523 949
2217 2023
1507 118
88 2012
1753 1358
2399 2434
1927 405
2259 2337
1849 56
274 748
1986 566
1529 1178
661 1880
385 369
1271 15
2509 1365
68 1986
1598 1093
2204 1951
2377 372
733 2303
331 1527
236 153
364 1306
1014 1558
1492 1358
1192 733
1845 894
1269 1630
1623 1778
2340 1558
628 1169
2402 781
1103 1358
2522 867
1358 754
1687 1721
610 2481
374 413
711 496
140 623
1986 1859
867 2522
1599 2441
1701 1855
839 965
1336 2032
401 104
206 2691
1709 1986
1542 812
137 135
1664 607
1958 1954
1954 1957
2375 2270
1972 1351
4 1761
56 1616
1086 2579
2270 20
442 698
2017 1487
1945 1272
2122 1051
2024 651
2165 118
565 1610
2359 480
1013 1675
706 2645
55 210
1712 1358
2308 482
1703 759
245 782
2424 195
1743 1412
568 1810
1769 1623
1098 1477
179 1986
2125 2126
1483 1358
1354 371
1185 2349
1201 2533
761 1401
2089 350
1713 1358
2399 1443
973 115
812 1300
2025 671
2078 306
2010 2016
1309 2102
306 608
96 2217
916 1026
268 1740
1171 510
1986 1812
2668 2075
2671 2672
1412 1743
1510 1202
606 2230
1699 1065
602 148
610 114
2446 2448
391 68
1089 399
1742 1154
2336 1046
2680 1522
503 1692
1821 316
88 76
567 290
1593 213
1936 1413
2095 2329
598 1573
661 1879
581 454
297 1542
465 1403
578 1105
1070 1829
1521 1013
2117 770
603 79
1662 48
510 1013
1696 1713
1806 1809
1772 426
1358 1205
518 666
2156 651
893 814
423 315
1736 1358
540 113
409 407
1692 574
957 1685
2521 2204
1540 2054
1441 1128
255 118
2224 583
813 2376
2071 1566
1462 1119
2001 2381
544 2052
1628 2057
1735 2324
1240 706
621 249
1837 183
858 2182
415 1644
543 984
1483 2083
65 2021
561 1016
1257 2678
1050 2564
1636 598
659 77
1628 2172
1282 741
391 2365
647 468
1786 18
1518 1129
1701 318
702 1637
229 1053
675 94
674 1907
882 1358
2707 2706
1797 1072
1072 1358
1416 1922
572 2418
1096 1633
74 1042
2530 2440
473 2647
481 1810
683 2169
1623 1782
2500 1874
1377 2069
1317 1739
1071 2248
1004 1489
1818 733
2212 710
1703 1968
627 2335
901 1042
703 2497
386 2114
1071 1135
1966 1702
2376 1061
15 1093
2614 2442
643 1167
2232 2182
1358 246
1358 466
900 811
2008 1986
205 1701
1143 2376
582 444
2671 2674
954 677
1889 1890
1032 587
1725 628
519 1346
1505 1072
1583 1120
1759 569
1023 1701
395 640
109 1769
963 805
838 279
2280 1131
1986 1994
1169 1040
657 1229
522 2097
1958 1237
1620 1483
1671 2136
1702 1703
1771 306
1956 1954
2045 2047
809 2228
1351 69
985 1358
243 473
948 695
1663 1462
162 1268
1669 1892
703 801
1986 179
1926 1920
2475 1928
2572 2570
1979 2178
1950 875
1405 1053
1138 82
5 1629
232 231
754 2450
1788 1624
2098 2097
1851 693
2106 2094
663 594
1833 1834
2215 51
1077 2450
332 2122
2370 2369
890 1314
1870 1986
2425 2426
2030 118
457 1201
509 1101
1869 1701
1295 1171
1703 1702
306 655
2349 1185
1963 1022
1968 2034
1087 2434
1884 661
1610 244
591 1017
246 1687
827 1999
2684 1320
1936 1932
1122 458
2383 1635
1229 657
1701 1854
519 1986
1367 980
2084 409
1335 2087
210 2309
1970 1703
1745 1214
1093 2367
2207 1200
2150 1378
2291 2233
1109 2674
1683 1464
581 1792
109 1805
2083 1557
1581 1819
556 1623
244 1072
1876 1986
1083 321
2287 2288
1634 2393
982 1256
240 1692
645 1358
1626 210
437 718
1640 306
2041 48
140 582
470 857
2086 1089
1740 268
2195 2194
1489 1004
2281 1131
1392 2212
1555 458
2151 1224
2194 324
652 1
1158 1635
1455 1537
2333 1588
1941 1334
541 647
464 403
1632 16
2148 509
1231 653
984 543
1160 733
1307 802
816 1980
1257 2249
2347 1692
1091 1256
1738 1709
1358 1739
1015 1481
2463 584
877 1935
1452 1015
1692 512
402 1413
1511 1519
2096 2026
1655 1894
2131 2182
621 1332
2696 2615
2056 2311
1792 2485
996 2518
1624 1778
1239 743
935 1873
980 121
839 485
1558 2339
1966 443
1358 155
444 828
805 963
2034 1448
118 2010
194 2564
2162 1080
2063 928
1884 113
588 698
1724 2215
1018 2378
1589 1745
484 2081
2027 938
482 1812
1512 2023
2608 1674
1131 490
2053 1628
183 182
444 623
1148 2221
118 1029
844 264
2289 2464
1419 2259
879 397
1593 1165
1926 2189
1143 1618
81 527
2025 2009
1035 1433
18 139
933 1038
109 2045
1276 1962
327 2064
306 1797
2706 1473
1964 463
2011 88
1730 1711
573 2407
1763 1358
2155 2294
1409 1553
1902 1903
1537 119
515 2465
231 179
1623 1771
1412 704
1361 565
36 1146
1901 645
2190 2022
963 1417
661 1881
2200 2199
910 887
82 1634
336 1950
1358 1471
1441 2273
505 1560
450 1569
1111 1273
1358 970
1710 2444
1810 224
161 2010
2505 406
2661 12
295 1176
2194 214
973 880
1909 1171
2679 2682
75 2224
1652 498
1747 1358
2319 695
1740 1072
1914 1592
2083 1685
1869 465
548 809
1481 1015
637 1641
5 1659
299 1484
2045 1013
274 749
910 239
711 252
443 1531
2223 2224
2472 642
1583 366
2383 924
1894 229
1482 1464
1370 2274
1701 1876
2295 86
1810 1331
386 2115
1396 2109
2367 1271
1901 1549
1163 2132
1950 1334
1810 481
2091 306
620 923
1061 1196
219 1413
1528 565
372 1710
960 784
2309 461
1740 657
2451 1801
2451 752
1789 1015
733 862
1880 753
2406 2043
842 118
193 441
1955 1956
166 271
751 2202
1739 2221
756 172
1556 888
1678 1746
696 277
2347 456
2047 2045
74 1517
2329 137
2517 2516
33 911
1139 1628
1358 1733
1682 733
1388 257
2358 1460
4 2175
350 1623
849 577
833 345
1652 1972
1776 1623
1483 1412
2514 2515
476 1140
1776 337
2206 48
64 1209
1533 1109
1707 1441
2464 2290
1104 725
415 2182
2405 2281
1503 979
1307 804
1033 173
1874 722
1702 1970
1298 2703
1624 1777
1470 1070
1791 2045
379 1022
1930 1927
2352 1064
1850 415
95 2054
2220 1169
902 1358
2578 2360
554 118
2503 1038
1454 2
911 2376
442 2120
1653 43
1115 203
24 2139
1647 1504
1365 2519
98 1521
1237 739
375 2435
1193 1705
2155 1224
672 2456
1986 673
1224 1222
288 618
743 160
1145 748
218 2119
1363 507
2052 1926
2053 52
2085 910
261 873
565 513
2359 687
2495 2494
848 1373
2163 1303
2050 1616
1305 1358
2182 52
144 1593
306 2080
2671 2249
1892 1580
1169 1720
118 446
797 800
2071 2015
857 1246
655 2080
622 1952
1731 1169
706 805
1703 1971
231 197
2294 2155
1492 1765
154 326
1375 2586
1545 2248
2553 728
322 228
1868 231
2446 1712
2348 576
778 1224
236 126
1973 1333
1647 2160
126 1551
69 604
110 1161
1775 103
1317 1719
935 451
1800 476
210 164
2508 507
271 638
1894 261
1703 1906
36 1781
961 1728
73 1136
2241 2242
1513 567
153 306
2370 2367
779 778
1826 1829
338 1542
682 973
1848 325
1624 1196
1474 2261
36 2106
651 2023
1703 1966
1742 526
1821 1810
626 372
1367 1584
2185 1500
1007 2466
1410 1655
1666 2
1577 1334
1147 2367
350 1775
441 454
1851 1013
677 954
2652 871
1189 1358
2113 1743
974 1496
724 1344
395 1147
2349 2346
1470 1555
487 1798
1421 2109
2104 516
349 465
1558 2338
1296 1912
407 1681
1483 969
798 1794
1269 1314
1795 798
1204 1602
1973 490
2034 1319
619 239
569 1759
1500 1538
593 1474
2466 533
2386 1082
1358 53
1439 2676
2182 95
32 1850
487 2026
1681 2318
1358 1750
1742 174
1682 695
148 714
2373 267
1072 1797
562 2450
2668 45
279 2423
1974 578
454 2190
376 672
2368 2367
1043 2309
1749 2446
1187 1188
2678 492
2685 732
687 1710
1623 1777
1133 1131
1333 749
1828 1408
26 123
1914 41
507 1413
613 1358
802 121
735 701
2541 1591
621 1978
1415 1414
2126 1119
1184 1190
1653 1094
727 1386
1837 1768
1877 2573
1054 1605
315 1602
815 55
465 1869
1072 1800
2319 1682
2307 482
853 1762
2594 218
454 2022
33 2040
1952 2206
2367 2370
448 1824
895 35
2478 124
1803 77
1879 661
2182 1285
2198 964
638 808
1013 510
565 526
315 2232
88 851
2229 266
1276 1022
709 1896
228 1871
1103 748
547 598
1227 1269
854 935
2132 1683
2045 306
1413 1935
2016 2010
1873 1701
1329 994
2563 1050
698 286
675 2356
779 1914
2543 2247
756 433
2094 441
904 379
2122 2121
326 1358
1358 1724
1907 210
1136 1189
168 2437
1751 1358
1775 306
190 2135
2515 2530
1920 69
965 964
580 1742
579 1134
1083 2114
172 756
1358 919
236 306
403 1383
1623 910
47 1579
475 2219
2140 1679
44 2701
503 2001
1869 1097
2349 1692
830 1914
1938 1937
1823 1126
286 33
154 1753
1241 1950
790 171
507 402
640 2420
1624 1505
661 97
956 2677
209 2681
1358 1740
586 2155
2289 623
1926 2051
1560 18
94 586
1089 1088
2045 109
2228 1396
2456 672
1434 1986
2068 861
2240 1443
1660 1291
436 433
1074 1676
310 1950
48 2471
994 1219
843 2542
2045 153
119 1549
1805 426
71 2691
3 2544
1358 609
957 1557
2209 108
1313 1312
2330 2329
1035 1740
596 41
2448 1067
1310 2692
889 1831
155 1736
1952 622
88 696
2549 582
2026 2025
1914 1918
598 519
848 985
1671 1929
1528 513
833 1130
1944 310
1542 338
2031 903
356 211
1221 981
965 839
1229 2442
1676 1074
2223 84
2309 1043
1349 1320
218 482
306 329
1740 2391
1787 1810
24 2141
1602 95
1398 1528
2150 2058
1013 1846
33 588
788 1952
1803 354
1073 985
1171 1909
1320 1349
505 1258
940 1829
605 1107
490 1309
1297 316
429 1889
857 1097
1031 48
89 1157
1504 1647
1941 507
576 665
422 545
1804 306
1829 1070
1537 441
783 893
1599 2460
1461 2248
2339 843
1107 2379
160 745
731 1279
2024 478
1358 1238
2034 1270
1358 1737
1810 1576
920 316
1125 2332
1748 1358
702 993
1462 1663
734 2197
905 1282
350 302
1321 2501
2126 870
2136 1121
1776 1283
1654 1567
1305 466
1309 1882
938 2027
623 515
117 2537
1909 239
1462 1611
666 279
1525 1914
2287 826
2194 2193
1129 2353
279 2344
2654 2655
1042 1925
223 1761
1862 0
717 1907
2494 417
1145 1358
1833 797
1413 1542
2464 828
2195 594
657 1254
2126 2124
1701 231
1142 973
1619 392
1973 666
133 109
2045 1772
530 1505
633 1701
574 2001
392 1619
723 2614
312 1722
394 577
658 2147
101 1589
1885 2644
1099 1577
1306 1317
1 2
1028 661
1927 1218
251 812
642 591
2076 2075
1218 1079
1537 1455
598 316
1054 1099
2266 2364
711 644
480 598
1448 1251
2285 2286
1441 2272
2056 1841
2010 161
2225 284
661 1883
2452 2685
1887 1888
2336 1428
1723 565
1520 83
733 678
1907 566
1358 1746
1510 1162
426 1777
183 997
